timeOpen;timeClose;timeHigh;timeLow;name;open;high;low;close;volume;marketCap;timestamp
"2013-12-31T00:00:00.000Z";"2013-12-31T23:59:59.999Z";"2013-12-31T00:56:02.000Z";"2013-12-31T04:26:02.000Z";"2783";1795.7998252988;1796.4139423642;1743.4836826352;1780.8208410626;49357332.8699921;21708991342.3901;"2013-12-31T23:59:59.999Z"
"2013-12-30T00:00:00.000Z";"2013-12-30T23:59:59.999Z";"2013-12-30T20:46:02.000Z";"2013-12-30T00:51:01.000Z";"2783";1733.4245129156;1807.0294624508;1730.8291451665;1785.9034585324;48418744.14001469;21551582194.80909;"2013-12-30T23:59:59.999Z"
"2013-12-29T00:00:00.000Z";"2013-12-29T23:59:59.999Z";"2013-12-29T21:46:02.000Z";"2013-12-29T04:41:01.000Z";"2783";1702.326481458;1750.3998677496;1670.503613709;1742.075881458;44452221.66001349;21235774687.213192;"2013-12-29T23:59:59.999Z"
"2013-12-28T00:00:00.000Z";"2013-12-28T23:59:59.999Z";"2013-12-28T12:06:01.000Z";"2013-12-28T18:11:01.000Z";"2783";1725.5447903326;1746.775686292;1649.2493129155;1701.81214596;76005061.56002305;20739643773.407093;"2013-12-28T23:59:59.999Z"
"2013-12-27T00:00:00.000Z";"2013-12-27T23:59:59.999Z";"2013-12-27T00:51:02.000Z";"2013-12-27T19:11:01.000Z";"2783";1798.3640770272;1831.8913340097;1669.110342895;1718.740691126;110413207.47005373;21099805131.07262;"2013-12-27T23:59:59.999Z"
"2013-12-26T00:00:00.000Z";"2013-12-26T23:59:59.999Z";"2013-12-26T19:41:01.000Z";"2013-12-26T00:01:02.000Z";"2783";1611.9097977555;1830.9012749985;1611.9097977555;1795.3010319833;0;21870480228.122356;"2013-12-26T23:59:59.999Z"
"2013-12-25T00:00:00.000Z";"2013-12-25T23:59:59.999Z";"2013-12-25T23:46:01.000Z";"2013-12-25T07:01:02.000Z";"2783";1570.2927712455;1608.9873887711;1530.6944179703;1607.8325797867;0;19572802091.08423;"2013-12-25T23:59:59.999Z"
"2013-12-24T00:00:00.000Z";"2013-12-24T23:59:59.999Z";"2013-12-24T00:06:01.000Z";"2013-12-24T13:36:02.000Z";"2783";1584.6180134781;1612.970386525;1521.7448087821;1568.5724262748;0;19090179084.604416;"2013-12-24T23:59:59.999Z"
"2013-12-23T00:00:00.000Z";"2013-12-23T23:59:59.999Z";"2013-12-23T23:21:01.000Z";"2013-12-23T00:16:02.000Z";"2783";1463.6194381708;1604.7686247086;1458.7968435419;1587.0926247086;0;19558743945.45067;"2013-12-23T23:59:59.999Z"
"2013-12-22T00:00:00.000Z";"2013-12-22T23:59:59.999Z";"2013-12-22T10:16:02.000Z";"2013-12-22T02:21:01.000Z";"2783";1436.6896419428;1591.775052685;1398.1569709712;1473.4555145136;0;17919245270.46983;"2013-12-22T23:59:59.999Z"
"2013-12-21T00:00:00.000Z";"2013-12-21T23:59:59.999Z";"2013-12-21T03:11:02.000Z";"2013-12-21T14:01:02.000Z";"2783";1479.9493182856;1562.0042446283;1382.7104171992;1445.9526198847;0;17578699821.10116;"2013-12-21T23:59:59.999Z"
"2013-12-20T00:00:00.000Z";"2013-12-20T23:59:59.999Z";"2013-12-20T07:36:01.000Z";"2013-12-20T23:31:01.000Z";"2783";1636.3458929455;1718.6300567012;1421.2908827998;1492.8889854853;0;17912961749.30565;"2013-12-20T23:59:59.999Z"
"2013-12-19T00:00:00.000Z";"2013-12-19T23:59:59.999Z";"2013-12-19T23:21:01.000Z";"2013-12-19T02:01:02.000Z";"2783";1209.9807603092;1666.2338339863;1172.2869131473;1631.0189677929;0;19596152403.364017;"2013-12-19T23:59:59.999Z"
"2013-12-18T00:00:00.000Z";"2013-12-18T23:59:59.999Z";"2013-12-18T00:16:02.000Z";"2013-12-18T11:11:02.000Z";"2783";1572.81364831;1575.4110289862;977.3914156992;1218.4659984562;0;14719696825.355326;"2013-12-18T23:59:59.999Z"
"2013-12-17T00:00:00.000Z";"2013-12-17T23:59:59.999Z";"2013-12-17T07:16:02.000Z";"2013-12-17T02:46:01.000Z";"2783";1644.1468006361;1757.0178307809;1468.4362993665;1581.9044806769;0;19271652168.360363;"2013-12-17T23:59:59.999Z"
"2013-12-16T00:00:00.000Z";"2013-12-16T23:59:59.999Z";"2013-12-16T00:06:01.000Z";"2013-12-16T19:46:02.000Z";"2783";2050.9928738169;2055.4660500009;1555.0177500017;1643.21570381;0;19955981136.507156;"2013-12-16T23:59:59.999Z"
"2013-12-15T00:00:00.000Z";"2013-12-15T23:59:59.999Z";"2013-12-15T23:21:02.000Z";"2013-12-15T05:56:02.000Z";"2783";2039.250590809;2064.5755054331;1922.0850000009;2041.184364625;0;24755331023.311157;"2013-12-15T23:59:59.999Z"
"2013-12-14T00:00:00.000Z";"2013-12-14T23:59:59.999Z";"2013-12-14T08:21:01.000Z";"2013-12-14T13:21:02.000Z";"2783";2096.4704731211;2107.6536268808;1999.807093873;2032.983423121;0;24646926044.378307;"2013-12-14T23:59:59.999Z"
"2013-12-13T00:00:00.000Z";"2013-12-13T23:59:59.999Z";"2013-12-13T09:56:01.000Z";"2013-12-13T20:21:02.000Z";"2783";2042.2032744153;2198.1378087172;2003.486446564;2079.5329238169;0;25246457852.0077;"2013-12-13T23:59:59.999Z"
"2013-12-12T00:00:00.000Z";"2013-12-12T23:59:59.999Z";"2013-12-12T01:21:01.000Z";"2013-12-12T16:46:11.000Z";"2783";2066.4114925771;2111.2611577138;1979.2954035947;2038.1888627942;0;24763065606.652153;"2013-12-12T23:59:59.999Z"
"2013-12-11T00:00:00.000Z";"2013-12-11T23:59:59.999Z";"2013-12-11T01:21:02.000Z";"2013-12-11T01:01:02.000Z";"2783";2283.4659259099;2312.3477854558;1925.9867559086;2056.3459382803;0;24561212383.05053;"2013-12-11T23:59:59.999Z"
"2013-12-10T00:00:00.000Z";"2013-12-10T23:59:59.999Z";"2013-12-10T20:36:01.000Z";"2013-12-10T00:01:01.000Z";"2783";2069.7362569893;2302.2051329102;2069.7362569893;2282.1730595463;0;27757343970.62705;"2013-12-10T23:59:59.999Z"
"2013-12-09T00:00:00.000Z";"2013-12-09T23:59:59.999Z";"2013-12-09T07:21:12.000Z";"2013-12-09T00:36:01.000Z";"2783";1850.0302515522;2148.7422339275;1819.9655969013;2071.7542106636;0;25190792315.193466;"2013-12-09T23:59:59.999Z"
"2013-12-08T00:00:00.000Z";"2013-12-08T23:59:59.999Z";"2013-12-08T22:41:01.000Z";"2013-12-08T01:36:01.000Z";"2783";1625.1506803117;1870.3298287617;1563.5529393815;1854.854610622;0;22437851762.79828;"2013-12-08T23:59:59.999Z"
"2013-12-07T00:00:00.000Z";"2013-12-07T23:59:59.999Z";"2013-12-07T00:21:01.000Z";"2013-12-07T10:21:02.000Z";"2783";1946.7968090718;1991.8240181417;1492.0966637222;1627.2947924821;0;19677167816.374382;"2013-12-07T23:59:59.999Z"
"2013-12-06T00:00:00.000Z";"2013-12-06T23:59:59.999Z";"2013-12-06T03:26:02.000Z";"2013-12-06T04:31:02.000Z";"2783";2460.9549535279;2460.9549535279;1933.1161984517;1933.1161984517;0;23669545504.786053;"2013-12-06T23:59:59.999Z"
"2013-12-05T00:00:00.000Z";"2013-12-05T23:59:59.999Z";"2013-12-05T15:26:02.000Z";"2013-12-05T16:16:01.000Z";"2783";2755.3704723126;2755.3704723126;2117.8972534197;2467.4001644166;0;30182113750.84268;"2013-12-05T23:59:59.999Z"
"2013-12-04T00:00:00.000Z";"2013-12-04T23:59:59.999Z";"2013-12-04T23:26:02.000Z";"2013-12-04T01:11:02.000Z";"2783";2559.898943602;2763.4736243268;2542.2721771957;2751.6417560407;0;33028984389.427902;"2013-12-04T23:59:59.999Z"
"2013-12-03T00:00:00.000Z";"2013-12-03T23:59:59.999Z";"2013-12-03T13:01:01.000Z";"2013-12-03T02:16:02.000Z";"2783";2465.0045375131;2577.7920000013;2382.1074487618;2561.5620375961;0;30667566994.78746;"2013-12-03T23:59:59.999Z"
"2013-12-02T00:00:00.000Z";"2013-12-02T23:59:59.999Z";"2013-12-02T16:31:01.000Z";"2013-12-02T16:26:02.000Z";"2783";2222.5170800772;2486.1474555173;2209.486281767;2457.7723774789;0;29413210470.435764;"2013-12-02T23:59:59.999Z"
"2013-12-01T00:00:00.000Z";"2013-12-01T23:59:59.999Z";"2013-12-01T12:26:02.000Z";"2013-12-01T06:41:01.000Z";"2783";2637.1572226552;2646.8747773426;1873.0515371086;2232.8655429678;0;26938072101.348793;"2013-12-01T23:59:59.999Z"
"2013-11-30T00:00:00.000Z";"2013-11-30T23:59:59.999Z";"2013-11-30T04:21:01.000Z";"2013-11-30T15:26:02.000Z";"2783";2638.2083085927;2700.7430742176;2585.0409257802;2638.3486054677;0;31817229453.375565;"2013-11-30T23:59:59.999Z"
"2013-11-29T00:00:00.000Z";"2013-11-29T23:59:59.999Z";"2013-11-29T22:06:01.000Z";"2013-11-29T00:31:01.000Z";"2783";2414.6497956272;2678.74836658;2318.7831059423;2644.2818515614;0;31621968135.56422;"2013-11-29T23:59:59.999Z"
"2013-11-28T00:00:00.000Z";"2013-11-28T23:59:59.999Z";"2013-11-28T02:31:02.000Z";"2013-11-28T02:21:02.000Z";"2783";2336.8720313726;2509.6373764654;2240.8938901983;2391.3376218479;0;28963031906.74675;"2013-11-28T23:59:59.999Z"
"2013-11-27T00:00:00.000Z";"2013-11-27T23:59:59.999Z";"2013-11-27T23:51:03.000Z";"2013-11-27T23:56:05.000Z";"2783";2121.5290839373;2333.5648911749;2076.7227029424;2333.5648911749;0;27717285519.20664;"2013-11-27T23:59:59.999Z"
"2013-11-26T00:00:00.000Z";"2013-11-26T23:59:59.999Z";"2013-11-26T23:51:02.000Z";"2013-11-26T00:11:01.000Z";"2783";1839.8844103989;2132.2992055438;1828.6267721237;2131.2887839373;0;25520648537.952454;"2013-11-26T23:59:59.999Z"
"2013-11-25T00:00:00.000Z";"2013-11-25T23:59:59.999Z";"2013-11-25T23:06:02.000Z";"2013-11-25T22:01:02.000Z";"2783";1760.9396044936;1851.1877632736;1722.7408882737;1824.7676515488;0;21913554099.429146;"2013-11-25T23:59:59.999Z"
"2013-11-24T00:00:00.000Z";"2013-11-24T23:59:59.999Z";"2013-11-24T17:46:02.000Z";"2013-11-24T03:31:02.000Z";"2783";1812.4451511245;1839.1660466324;1646.6978488783;1763.7415000015;0;21224203807.955074;"2013-11-24T23:59:59.999Z"
"2013-11-23T00:00:00.000Z";"2013-11-23T23:59:59.999Z";"2013-11-23T13:56:03.000Z";"2013-11-23T00:01:01.000Z";"2783";1757.9326278091;1924.8415932633;1757.9326278091;1817.4339766861;0;21862730950.140102;"2013-11-23T23:59:59.999Z"
"2013-11-22T00:00:00.000Z";"2013-11-22T23:59:59.999Z";"2013-11-22T23:31:02.000Z";"2013-11-22T06:01:01.000Z";"2783";1668.9813668809;1778.7762443862;1540.1064742545;1757.340325563;0;21382751355.361504;"2013-11-22T23:59:59.999Z"
"2013-11-21T00:00:00.000Z";"2013-11-21T23:59:59.999Z";"2013-11-21T23:06:02.000Z";"2013-11-21T03:36:03.000Z";"2783";1349.7007366342;1690.487056273;1311.025540101;1665.2011331162;0;19721910689.327023;"2013-11-21T23:59:59.999Z"
"2013-11-20T00:00:00.000Z";"2013-11-20T23:59:59.999Z";"2013-11-20T19:11:02.000Z";"2013-11-20T12:36:01.000Z";"2783";1312.5925356454;1361.5053804307;1018.4299777229;1341.7749688119;0;16124277055.687101;"2013-11-20T23:59:59.999Z"
"2013-11-19T00:00:00.000Z";"2013-11-19T23:59:59.999Z";"2013-11-19T01:11:02.000Z";"2013-11-19T12:41:01.000Z";"2783";1612.6195220956;1823.8238418589;1032.5824081427;1327.6492767343;0;15889422475.63999;"2013-11-19T23:59:59.999Z"
"2013-11-18T00:00:00.000Z";"2013-11-18T23:59:59.999Z";"2013-11-18T23:51:02.000Z";"2013-11-18T00:26:12.000Z";"2783";1151.4200148661;1592.3023162851;1147.6173836618;1591.8044944772;0;19590857748.778576;"2013-11-18T23:59:59.999Z"
"2013-11-17T00:00:00.000Z";"2013-11-17T23:59:59.999Z";"2013-11-17T23:01:01.000Z";"2013-11-17T00:06:01.000Z";"2783";1022.4539321877;1160.6948148661;1020.7844653573;1141.0554230356;0;13698513393.228506;"2013-11-17T23:59:59.999Z"
"2013-11-16T00:00:00.000Z";"2013-11-16T23:59:59.999Z";"2013-11-16T12:26:02.000Z";"2013-11-16T00:06:02.000Z";"2783";967.5471331704;1044.0178846444;963.5821759835;1020.7381168313;0;12249342218.614326;"2013-11-16T23:59:59.999Z"
"2013-11-15T00:00:00.000Z";"2013-11-15T23:59:59.999Z";"2013-11-15T13:36:02.000Z";"2013-11-15T22:11:01.000Z";"2783";970.4728074732;1014.372218932;918.4602230354;969.1006933052;0;11600878844.171246;"2013-11-15T23:59:59.999Z"
"2013-11-14T00:00:00.000Z";"2013-11-14T23:59:59.999Z";"2013-11-14T12:56:02.000Z";"2013-11-14T06:36:02.000Z";"2783";947.6262055379;993.0710157673;921.4645286916;972.3008082453;0;11749011452.588667;"2013-11-14T23:59:59.999Z"
"2013-11-13T00:00:00.000Z";"2013-11-13T23:59:59.999Z";"2013-11-13T20:56:01.000Z";"2013-11-13T04:46:01.000Z";"2783";842.1430128476;965.4403565358;839.4133715207;949.8646176137;0;11392280355.844477;"2013-11-13T23:59:59.999Z"
"2013-11-12T00:00:00.000Z";"2013-11-12T23:59:59.999Z";"2013-11-12T11:01:02.000Z";"2013-11-12T00:31:01.000Z";"2783";799.5356303109;845.4924183105;798.9296515511;840.6498586728;0;10062892893.814972;"2013-11-12T23:59:59.999Z"
"2013-11-11T00:00:00.000Z";"2013-11-11T23:59:59.999Z";"2013-11-11T14:51:12.000Z";"2013-11-11T03:56:02.000Z";"2783";753.3892404779;813.0495165704;721.8330531732;798.0906696908;0;9496105414.502499;"2013-11-11T23:59:59.999Z"
"2013-11-10T00:00:00.000Z";"2013-11-10T23:59:59.999Z";"2013-11-10T00:06:02.000Z";"2013-11-10T16:06:01.000Z";"2783";807.1694969489;811.5198282478;641.5333374029;756.1906126947;0;9049158700.680872;"2013-11-10T23:59:59.999Z"
"2013-11-09T00:00:00.000Z";"2013-11-09T23:59:59.999Z";"2013-11-09T16:56:01.000Z";"2013-11-09T05:51:01.000Z";"2783";783.4740889289;858.077496949;739.8089202277;784.7005061042;0;9391845353.10617;"2013-11-09T23:59:59.999Z"
"2013-11-08T00:00:00.000Z";"2013-11-08T23:59:59.999Z";"2013-11-08T23:36:02.000Z";"2013-11-08T00:16:02.000Z";"2783";686.693189072;783.6592484748;684.5720981144;782.3865061042;0;9326887806.644766;"2013-11-08T23:59:59.999Z"
"2013-11-07T00:00:00.000Z";"2013-11-07T23:59:59.999Z";"2013-11-07T16:36:03.000Z";"2013-11-07T00:06:02.000Z";"2783";597.8079432675;699.9256178985;597.5109471127;683.3732634433;0;8099832018.175778;"2013-11-07T23:59:59.999Z"
"2013-11-06T00:00:00.000Z";"2013-11-06T23:59:59.999Z";"2013-11-06T22:26:01.000Z";"2013-11-06T00:01:08.000Z";"2783";558.5879572141;600.8234999997;558.5879572141;599.6812499997;0;7163185876.871934;"2013-11-06T23:59:59.999Z"
"2013-11-05T00:00:00.000Z";"2013-11-05T23:59:59.999Z";"2013-11-05T18:16:08.000Z";"2013-11-05T06:06:02.000Z";"2783";514.2555710627;573.3847583775;507.5698167391;559.6376925352;0;6577335426.649799;"2013-11-05T23:59:59.999Z"
"2013-11-04T00:00:00.000Z";"2013-11-04T23:59:59.999Z";"2013-11-04T23:46:03.000Z";"2013-11-04T04:16:03.000Z";"2783";484.3588322629;518.294023675;482.7342215086;514.0087736934;0;6177253965.032001;"2013-11-04T23:59:59.999Z"
"2013-11-03T00:00:00.000Z";"2013-11-03T23:59:59.999Z";"2013-11-03T23:56:02.000Z";"2013-11-03T11:06:05.000Z";"2783";464.7958483945;485.2388268858;460.2830483946;485.2388268858;0;5796044264.221685;"2013-11-03T23:59:59.999Z"
"2013-11-02T00:00:00.000Z";"2013-11-02T23:59:59.999Z";"2013-11-02T00:06:02.000Z";"2013-11-02T01:01:02.000Z";"2783";464.389678491;468.789651605;455.0030462278;465.3148107542;0;5555847174.647102;"2013-11-02T23:59:59.999Z"
"2013-11-01T00:00:00.000Z";"2013-11-01T23:59:59.999Z";"2013-11-01T17:01:03.000Z";"2013-11-01T04:26:03.000Z";"2783";455.6553163606;465.6650962459;451.7201349117;465.2245354734;0;5499022016.72806;"2013-11-01T23:59:59.999Z"
"2013-10-31T00:00:00.000Z";"2013-10-31T23:59:59.999Z";"2013-10-31T19:51:02.000Z";"2013-10-31T08:21:02.000Z";"2783";436.3288089979;459.5211115972;434.169103326;455.8788000001;0;5313893989.797744;"2013-10-31T23:59:59.999Z"
"2013-10-30T00:00:00.000Z";"2013-10-30T23:59:59.999Z";"2013-10-30T16:26:03.000Z";"2013-10-30T22:41:09.000Z";"2783";446.3877586674;457.1191880039;436.6344976652;436.6344976652;0;5207731123.145207;"2013-10-30T23:59:59.999Z"
"2013-10-29T00:00:00.000Z";"2013-10-29T23:59:59.999Z";"2013-10-29T15:26:01.000Z";"2013-10-29T00:01:01.000Z";"2783";432.739731651;446.3877586674;432.739731651;446.3877586674;0;5309789295.69444;"2013-10-29T23:59:59.999Z"
"2013-10-28T00:00:00.000Z";"2013-10-28T23:59:59.999Z";"2013-10-28T10:11:03.000Z";"2013-10-28T01:21:01.000Z";"2783";429.4055996932;434.6798593139;420.3233046569;432.739731651;0;5177635185.461942;"2013-10-28T23:59:59.999Z"
"2013-10-27T00:00:00.000Z";"2013-10-27T23:59:59.999Z";"2013-10-27T23:56:03.000Z";"2013-10-27T00:01:01.000Z";"2783";386.4891133575;429.9089453429;386.4891133575;429.9089453429;0;5120720618.40333;"2013-10-27T23:59:59.999Z"
"2013-10-26T00:00:00.000Z";"2013-10-26T23:59:59.999Z";"2013-10-26T00:26:02.000Z";"2013-10-26T20:46:09.000Z";"2783";410.2343183211;412.3352930144;384.6288749999;388.064836029;0;4620571392.292944;"2013-10-26T23:59:59.999Z"
"2013-10-25T00:00:00.000Z";"2013-10-25T23:59:59.999Z";"2013-10-25T01:26:11.000Z";"2013-10-25T15:01:01.000Z";"2783";435.5110753783;438.110599243;367.8186499997;408.5710703429;0;4895093280.848841;"2013-10-25T23:59:59.999Z"
"2013-10-24T00:00:00.000Z";"2013-10-24T23:59:59.999Z";"2013-10-24T02:31:03.000Z";"2013-10-24T08:01:02.000Z";"2783";469.4241566844;476.2585059886;369.1430693585;436.7006805876;0;5165634018.509084;"2013-10-24T23:59:59.999Z"
"2013-10-23T00:00:00.000Z";"2013-10-23T23:59:59.999Z";"2013-10-23T23:56:13.000Z";"2013-10-23T02:16:02.000Z";"2783";419.9779213255;467.9345993037;417.8493706052;467.9345993037;0;5517182773.539042;"2013-10-23T23:59:59.999Z"
"2013-10-22T00:00:00.000Z";"2013-10-22T23:59:59.999Z";"2013-10-22T12:01:02.000Z";"2013-10-22T00:01:02.000Z";"2783";396.8984367371;426.4947192841;396.8984367371;420.8467080686;0;5004223994.98103;"2013-10-22T23:59:59.999Z"
"2013-10-21T00:00:00.000Z";"2013-10-21T23:59:59.999Z";"2013-10-21T12:01:02.000Z";"2013-10-21T00:01:02.000Z";"2783";378.9664066163;400.689775879;378.9664066163;395.9423445893;0;4692675332.941277;"2013-10-21T23:59:59.999Z"
"2013-10-20T00:00:00.000Z";"2013-10-20T23:59:59.999Z";"2013-10-20T15:21:03.000Z";"2013-10-20T03:41:02.000Z";"2783";372.1588879396;379.2048879396;366.2835933839;378.5544813233;0;4494955895.521223;"2013-10-20T23:59:59.999Z"
"2013-10-19T00:00:00.000Z";"2013-10-19T23:59:59.999Z";"2013-10-19T10:36:05.000Z";"2013-10-19T00:06:03.000Z";"2783";338.0128879395;384.7766307374;337.5575933839;373.8065560304;0;4436719405.805207;"2013-10-19T23:59:59.999Z"
"2013-10-18T00:00:00.000Z";"2013-10-18T23:59:59.999Z";"2013-10-18T23:51:02.000Z";"2013-10-18T09:46:01.000Z";"2783";316.320196448;338.1212945558;314.5767858276;338.1212945558;0;3998509929.8226895;"2013-10-18T23:59:59.999Z"
"2013-10-17T00:00:00.000Z";"2013-10-17T23:59:59.999Z";"2013-10-17T15:16:09.000Z";"2013-10-17T00:01:03.000Z";"2783";310.4538079836;318.3977120449;310.4538079836;316.0608750003;0;3780834086.2522683;"2013-10-17T23:59:59.999Z"
"2013-10-16T00:00:00.000Z";"2013-10-16T23:59:59.999Z";"2013-10-16T07:06:02.000Z";"2013-10-16T16:46:02.000Z";"2783";317.4441616972;332.4703106693;307.2357372008;310.759006653;0;3683032101.623867;"2013-10-16T23:59:59.999Z"
"2013-10-15T00:00:00.000Z";"2013-10-15T23:59:59.999Z";"2013-10-15T23:06:04.000Z";"2013-10-15T13:26:01.000Z";"2783";307.019379318;317.5462976668;304.0268866702;316.5505919721;0;3753460518.456031;"2013-10-15T23:59:59.999Z"
"2013-10-14T00:00:00.000Z";"2013-10-14T23:59:59.999Z";"2013-10-14T10:26:01.000Z";"2013-10-14T00:16:01.000Z";"2783";303.3997043075;313.9654093627;302.5936367034;306.474129318;0;3625305414.2721334;"2013-10-14T23:59:59.999Z"
"2013-10-13T00:00:00.000Z";"2013-10-13T23:59:59.999Z";"2013-10-13T22:46:01.000Z";"2013-10-13T07:31:09.000Z";"2783";293.7408373047;302.0708179778;292.3502466309;300.9162156371;0;3552460292.292891;"2013-10-13T23:59:59.999Z"
"2013-10-12T00:00:00.000Z";"2013-10-12T23:59:59.999Z";"2013-10-12T17:26:05.000Z";"2013-10-12T00:06:02.000Z";"2783";284.4195067383;294.762055957;283.6807626953;293.7408373047;0;3475233096.350489;"2013-10-12T23:59:59.999Z"
"2013-10-11T00:00:00.000Z";"2013-10-11T23:59:59.999Z";"2013-10-11T10:11:02.000Z";"2013-10-11T14:06:01.000Z";"2783";284.995775;287.3062516785;282.4207386703;284.4195067383;0;3374112475.888221;"2013-10-11T23:59:59.999Z"
"2013-10-10T00:00:00.000Z";"2013-10-10T23:59:59.999Z";"2013-10-10T03:56:01.000Z";"2013-10-10T16:46:05.000Z";"2783";288.1404129623;289.9706499999;281.1404880521;284.6470150177;0;3404015351.28789;"2013-10-10T23:59:59.999Z"
"2013-10-09T00:00:00.000Z";"2013-10-09T23:59:59.999Z";"2013-10-09T20:06:02.000Z";"2013-10-09T00:11:02.000Z";"2783";277.8516266314;290.7327249999;277.2555280428;288.1845243835;0;3409393772.8871093;"2013-10-09T23:59:59.999Z"
"2013-10-08T00:00:00.000Z";"2013-10-08T23:59:59.999Z";"2013-10-08T00:16:01.000Z";"2013-10-08T15:36:01.000Z";"2783";279.3603032912;280.9693766906;274.6862439837;278.1828000002;0;3280460934.869145;"2013-10-08T23:59:59.999Z"
"2013-10-07T00:00:00.000Z";"2013-10-07T23:59:59.999Z";"2013-10-07T06:31:01.000Z";"2013-10-07T22:21:02.000Z";"2783";285.6002218383;287.4537914275;278.4974413452;279.8011533813;0;3307384293.954696;"2013-10-07T23:59:59.999Z"
"2013-10-06T00:00:00.000Z";"2013-10-06T23:59:59.999Z";"2013-10-06T08:26:02.000Z";"2013-10-06T11:36:08.000Z";"2783";283.2391773467;286.1077640807;278.3625933669;284.6513999999;0;3359961079.0341835;"2013-10-06T23:59:59.999Z"
"2013-10-05T00:00:00.000Z";"2013-10-05T23:59:59.999Z";"2013-10-05T10:31:12.000Z";"2013-10-05T09:36:01.000Z";"2783";283.8349687743;287.8289093871;282.5109953063;283.6584367339;0;3346921272.8729367;"2013-10-05T23:59:59.999Z"
"2013-10-04T00:00:00.000Z";"2013-10-04T23:59:59.999Z";"2013-10-04T20:56:02.000Z";"2013-10-04T00:01:03.000Z";"2783";272.427583084;287.8111078982;272.427583084;284.6734538787;0;3358708571.197499;"2013-10-04T23:59:59.999Z"
"2013-10-03T00:00:00.000Z";"2013-10-03T23:59:59.999Z";"2013-10-03T23:56:03.000Z";"2013-10-03T14:21:02.000Z";"2783";250.8515033114;272.9132189368;246.7979213262;272.9132189368;0;3194532312.46412;"2013-10-03T23:59:59.999Z"
"2013-10-02T00:00:00.000Z";"2013-10-02T23:59:59.999Z";"2013-10-02T12:41:01.000Z";"2013-10-02T18:01:09.000Z";"2783";292.4247317583;295.8350468905;225.185175;250.1501279803;0;2978349137.019353;"2013-10-02T23:59:59.999Z"
"2013-10-01T00:00:00.000Z";"2013-10-01T23:59:59.999Z";"2013-10-01T11:16:01.000Z";"2013-10-01T18:56:02.000Z";"2783";294.4832437442;298.8112958377;292.7125937807;292.7125937807;0;3455763923.6977134;"2013-10-01T23:59:59.999Z"
"2013-09-30T00:00:00.000Z";"2013-09-30T23:59:59.999Z";"2013-09-30T00:16:02.000Z";"2013-09-30T18:06:02.000Z";"2783";309.4241012298;312.1314487701;289.9289215088;295.1935000003;0;3533139290.641517;"2013-09-30T23:59:59.999Z"
"2013-09-29T00:00:00.000Z";"2013-09-29T23:59:59.999Z";"2013-09-29T13:36:01.000Z";"2013-09-29T02:01:01.000Z";"2783";303.5654562655;316.4146843737;303.1379281085;309.8527657378;0;3637800110.479349;"2013-09-29T23:59:59.999Z"
"2013-09-28T00:00:00.000Z";"2013-09-28T23:59:59.999Z";"2013-09-28T23:31:01.000Z";"2013-09-28T11:36:01.000Z";"2783";301.0226406146;305.208199988;298.2997625063;303.2954312533;0;3568702977.0063925;"2013-09-28T23:59:59.999Z"
"2013-09-27T00:00:00.000Z";"2013-09-27T23:59:59.999Z";"2013-09-27T23:41:02.000Z";"2013-09-27T00:51:01.000Z";"2783";289.2768954772;303.2054343615;288.3958173293;301.0451312533;0;3530192927.6590943;"2013-09-27T23:59:59.999Z"
"2013-09-26T00:00:00.000Z";"2013-09-26T23:59:59.999Z";"2013-09-26T13:46:02.000Z";"2013-09-26T23:01:02.000Z";"2783";285.3698329438;300.2956297686;285.3698329438;288.0205409545;0;3359698795.940516;"2013-09-26T23:59:59.999Z"
"2013-09-25T00:00:00.000Z";"2013-09-25T23:59:59.999Z";"2013-09-25T12:01:01.000Z";"2013-09-25T00:06:01.000Z";"2783";279.8665919657;285.3920787171;279.7567470232;285.3920787171;0;3311103896.0696054;"2013-09-25T23:59:59.999Z"
"2013-09-24T00:00:00.000Z";"2013-09-24T23:59:59.999Z";"2013-09-24T21:41:02.000Z";"2013-09-24T14:36:01.000Z";"2783";277.3478217145;280.4757279851;277.0241256517;279.5809750002;0;3289392076.0533953;"2013-09-24T23:59:59.999Z"
"2013-09-23T00:00:00.000Z";"2013-09-23T23:59:59.999Z";"2013-09-23T14:26:01.000Z";"2013-09-23T18:21:01.000Z";"2783";285.007096559;291.9286509244;276.527404059;277.1277782849;0;3268228384.829174;"2013-09-23T23:59:59.999Z"
"2013-09-22T00:00:00.000Z";"2013-09-22T23:59:59.999Z";"2013-09-22T11:31:04.000Z";"2013-09-22T03:01:01.000Z";"2783";282.5927060698;296.0074053954;279.7638919066;285.3164532103;0;3349442266.55856;"2013-09-22T23:59:59.999Z"
"2013-09-21T00:00:00.000Z";"2013-09-21T23:59:59.999Z";"2013-09-21T08:51:01.000Z";"2013-09-21T14:31:01.000Z";"2783";280.5594932555;284.2281013488;278.9903952788;281.6203006743;0;3304173534.316079;"2013-09-21T23:59:59.999Z"
"2013-09-20T00:00:00.000Z";"2013-09-20T23:59:59.999Z";"2013-09-20T08:06:22.000Z";"2013-09-20T23:31:01.000Z";"2783";285.2751432873;298.2961792599;279.9628006743;280.7584020232;0;3277083315.82442;"2013-09-20T23:59:59.999Z"
"2013-09-19T00:00:00.000Z";"2013-09-19T23:59:59.999Z";"2013-09-19T02:06:02.000Z";"2013-09-19T17:31:01.000Z";"2783";287.0434393312;287.9174593354;284.2598432465;285.165161575;0;3320945903.619912;"2013-09-19T23:59:59.999Z"
"2013-09-18T00:00:00.000Z";"2013-09-18T23:59:59.999Z";"2013-09-18T12:36:02.000Z";"2013-09-18T05:21:02.000Z";"2783";296.9402101363;300.2993931197;287.2619526673;287.2619526673;0;3473278929.347769;"2013-09-18T23:59:59.999Z"
"2013-09-17T00:00:00.000Z";"2013-09-17T23:59:59.999Z";"2013-09-17T22:26:01.000Z";"2013-09-17T05:56:01.000Z";"2783";300.5252336368;300.5252336368;285.2237806064;296.8274782561;0;3522255423.6264153;"2013-09-17T23:59:59.999Z"
"2013-09-16T00:00:00.000Z";"2013-09-16T23:59:59.999Z";"2013-09-16T09:46:01.000Z";"2013-09-16T04:56:02.000Z";"2783";298.3346293912;302.5750587827;295.8496557401;300.8221387882;0;3516352344.417573;"2013-09-16T23:59:59.999Z"
"2013-09-15T00:00:00.000Z";"2013-09-15T23:59:59.999Z";"2013-09-15T11:46:01.000Z";"2013-09-15T06:21:01.000Z";"2783";295.006106085;299.6569175657;292.4071354764;297.2175148679;0;3479168915.848003;"2013-09-15T23:59:59.999Z"
"2013-09-14T00:00:00.000Z";"2013-09-14T23:59:59.999Z";"2013-09-14T02:36:01.000Z";"2013-09-14T22:26:01.000Z";"2783";307.7957854764;309.7108439145;293.7978148679;294.5957587827;0;3447145954.7861285;"2013-09-14T23:59:59.999Z"
"2013-09-13T00:00:00.000Z";"2013-09-13T23:59:59.999Z";"2013-09-13T03:51:02.000Z";"2013-09-13T01:21:01.000Z";"2783";302.2015371656;313.0082621656;300.9274867201;307.7273942594;0;3591698286.00586;"2013-09-13T23:59:59.999Z"
"2013-09-12T00:00:00.000Z";"2013-09-12T23:59:59.999Z";"2013-09-12T00:06:02.000Z";"2013-09-12T10:41:02.000Z";"2783";308.2542619401;309.4595321641;300.1050024412;302.8840741087;0;3539377901.1975923;"2013-09-12T23:59:59.999Z"
"2013-09-11T00:00:00.000Z";"2013-09-11T23:59:59.999Z";"2013-09-11T22:41:01.000Z";"2013-09-11T05:41:02.000Z";"2783";287.6208816056;313.494339165;281.622634331;307.5720250001;0;3610854914.6462235;"2013-09-11T23:59:59.999Z"
"2013-09-10T00:00:00.000Z";"2013-09-10T23:59:59.999Z";"2013-09-10T09:06:02.000Z";"2013-09-10T23:51:01.000Z";"2783";289.7046933589;295.3401485045;287.6437334863;287.6665853669;0;3347706981.016052;"2013-09-10T23:59:59.999Z"
"2013-09-09T00:00:00.000Z";"2013-09-09T23:59:59.999Z";"2013-09-09T15:16:03.000Z";"2013-09-09T11:16:02.000Z";"2783";280.0099094024;294.7601284241;275.2573499999;289.3404943896;0;3410131698.6636415;"2013-09-09T23:59:59.999Z"
"2013-09-08T00:00:00.000Z";"2013-09-08T23:59:59.999Z";"2013-09-08T03:11:02.000Z";"2013-09-08T22:36:02.000Z";"2783";286.0824046698;287.4421868132;276.8619170913;279.5503564147;0;3272296193.984317;"2013-09-08T23:59:59.999Z"
"2013-09-07T00:00:00.000Z";"2013-09-07T23:59:59.999Z";"2013-09-07T17:46:01.000Z";"2013-09-07T00:41:01.000Z";"2783";274.0057815932;290.2539236266;273.0147598898;286.1285085165;0;3338153969.643857;"2013-09-07T23:59:59.999Z"
"2013-09-06T00:00:00.000Z";"2013-09-06T23:59:59.999Z";"2013-09-06T03:06:01.000Z";"2013-09-06T23:56:02.000Z";"2783";293.8489140374;295.8744814913;274.6050085165;274.6050085165;0;3228287667.9963355;"2013-09-06T23:59:59.999Z"
"2013-09-05T00:00:00.000Z";"2013-09-05T23:59:59.999Z";"2013-09-05T15:41:01.000Z";"2013-09-05T02:01:02.000Z";"2783";299.229661043;305.8608856815;287.5919023226;293.7095337091;0;3479442228.6966467;"2013-09-05T23:59:59.999Z"
"2013-09-04T00:00:00.000Z";"2013-09-04T23:59:59.999Z";"2013-09-04T13:51:22.000Z";"2013-09-04T21:26:02.000Z";"2783";321.9513901218;340.8610499999;291.793767441;299.1824389574;0;3482942274.2802854;"2013-09-04T23:59:59.999Z"
"2013-09-03T00:00:00.000Z";"2013-09-03T23:59:59.999Z";"2013-09-03T12:26:02.000Z";"2013-09-03T11:51:02.000Z";"2783";322.3314104507;328.8203372955;315.7553000001;322.5173470752;0;3787225450.942381;"2013-09-03T23:59:59.999Z"
"2013-09-02T00:00:00.000Z";"2013-09-02T23:59:59.999Z";"2013-09-02T11:36:02.000Z";"2013-09-02T08:41:02.000Z";"2783";330.2305346314;349.0801999998;321.3214675461;322.9018795074;0;3768410388.618512;"2013-09-02T23:59:59.999Z"
"2013-09-01T00:00:00.000Z";"2013-09-01T23:59:59.999Z";"2013-09-01T18:31:22.000Z";"2013-09-01T03:56:01.000Z";"2783";321.9169925461;347.3339951844;321.1308951844;329.5397052765;0;3835693978.089349;"2013-09-01T23:59:59.999Z"
"2013-08-31T00:00:00.000Z";"2013-08-31T23:59:59.999Z";"2013-08-31T21:11:02.000Z";"2013-08-31T07:46:02.000Z";"2783";317.0336802765;335.6140675461;316.1523149079;322.4172495392;0;3751026293.2832594;"2013-08-31T23:59:59.999Z"
"2013-08-30T00:00:00.000Z";"2013-08-30T23:59:59.999Z";"2013-08-30T15:46:02.000Z";"2013-08-30T12:36:02.000Z";"2783";288.5012964018;322.6505999999;285.2944149626;317.9865420853;0;3660296200.4678626;"2013-08-30T23:59:59.999Z"
"2013-08-29T00:00:00.000Z";"2013-08-29T23:59:59.999Z";"2013-08-29T00:56:02.000Z";"2013-08-29T10:26:02.000Z";"2783";287.4825964394;290.0146428452;286.5213428536;288.5956185606;0;3335250218.9233084;"2013-08-29T23:59:59.999Z"
"2013-08-28T00:00:00.000Z";"2013-08-28T23:59:59.999Z";"2013-08-28T04:16:02.000Z";"2013-08-28T23:56:02.000Z";"2783";299.757607956;301.7483992768;287.4825964394;287.4825964394;0;3376481640.0753374;"2013-08-28T23:59:59.999Z"
"2013-08-27T00:00:00.000Z";"2013-08-27T23:59:59.999Z";"2013-08-27T05:46:05.000Z";"2013-08-27T00:01:02.000Z";"2783";285.5264592741;302.5767149199;285.5264592741;299.805;0;3493741280.973141;"2013-08-27T23:59:59.999Z"
"2013-08-26T00:00:00.000Z";"2013-08-26T23:59:59.999Z";"2013-08-26T00:06:02.000Z";"2013-08-26T18:11:02.000Z";"2783";286.7654725432;288.2778355498;285.3734357264;285.4931674193;0;3273310667.2543755;"2013-08-26T23:59:59.999Z"
"2013-08-25T00:00:00.000Z";"2013-08-25T23:59:59.999Z";"2013-08-25T23:21:02.000Z";"2013-08-25T03:01:02.000Z";"2783";280.8756777464;288.8226696532;279.8588236998;286.7654725432;0;3328149888.7265763;"2013-08-25T23:59:59.999Z"
"2013-08-24T00:00:00.000Z";"2013-08-24T23:59:59.999Z";"2013-08-24T21:06:02.000Z";"2013-08-24T10:41:01.000Z";"2783";278.3088890166;285.0722745665;277.1581601164;281.9136736998;0;3270776587.838037;"2013-08-24T23:59:59.999Z"
"2013-08-23T00:00:00.000Z";"2013-08-23T23:59:59.999Z";"2013-08-23T00:06:01.000Z";"2013-08-23T23:11:02.000Z";"2783";297.0699999999;297.0699999999;278.1538901732;278.2877471098;0;3346443443.664244;"2013-08-23T23:59:59.999Z"
"2013-08-22T00:00:00.000Z";"2013-08-22T23:59:59.999Z";"2013-08-22T19:26:01.000Z";"2013-08-22T01:41:02.000Z";"2783";302.0726774767;302.0726774767;295.0002537154;295.0002537154;0;3440731265.883887;"2013-08-22T23:59:59.999Z"
"2013-08-21T00:00:00.000Z";"2013-08-21T23:59:59.999Z";"2013-08-21T02:51:01.000Z";"2013-08-21T05:46:02.000Z";"2783";290.4676418061;302.0726774767;286.8059428986;302.0726774767;0;3423733510.7612395;"2013-08-21T23:59:59.999Z"
"2013-08-20T00:00:00.000Z";"2013-08-20T23:59:59.999Z";"2013-08-20T05:56:01.000Z";"2013-08-20T01:26:01.000Z";"2783";287.0160999999;296.6902347274;283.4175530021;290.455666388;0;3385896712.043691;"2013-08-20T23:59:59.999Z"
"2013-08-19T00:00:00.000Z";"2013-08-19T23:59:59.999Z";"2013-08-19T07:56:01.000Z";"2013-08-19T02:01:01.000Z";"2783";271.2389674291;294.4012141309;267.3897722066;287.0160999999;0;3295932653.839456;"2013-08-19T23:59:59.999Z"
"2013-08-18T00:00:00.000Z";"2013-08-18T23:59:59.999Z";"2013-08-18T14:51:02.000Z";"2013-08-18T05:36:01.000Z";"2783";269.4725;274.1043284607;267.68;271.5260499997;0;3139370189.8750315;"2013-08-18T23:59:59.999Z"
"2013-08-17T00:00:00.000Z";"2013-08-17T23:59:59.999Z";"2013-08-17T22:56:01.000Z";"2013-08-17T03:51:01.000Z";"2783";260.4956678772;271.8625;258.6577463532;271.265;0;3138061336.2500315;"2013-08-17T23:59:59.999Z"
"2013-08-16T00:00:00.000Z";"2013-08-16T23:59:59.999Z";"2013-08-16T06:51:02.000Z";"2013-08-16T23:51:01.000Z";"2783";257.4323044279;262.8381571426;257.4323044279;260.4956678772;0;2949728099.3048496;"2013-08-16T23:59:59.999Z"
"2013-08-15T00:00:00.000Z";"2013-08-15T23:59:59.999Z";"2013-08-15T03:21:01.000Z";"2013-08-15T14:06:02.000Z";"2783";261.6053359725;263.1927108833;255.8011999998;257.4205910001;0;2954871563.9139357;"2013-08-15T23:59:59.999Z"
"2013-08-14T00:00:00.000Z";"2013-08-14T23:59:59.999Z";"2013-08-14T17:56:02.000Z";"2013-08-14T02:31:02.000Z";"2783";253.4664487059;266.3284263612;249.75231123;261.6053359725;0;3009199396.7604814;"2013-08-14T23:59:59.999Z"
"2013-08-13T00:00:00.000Z";"2013-08-13T23:59:59.999Z";"2013-08-13T23:51:02.000Z";"2013-08-13T13:06:02.000Z";"2783";244.7182221138;252.9921564696;240.5798885079;252.1823999999;0;2879808253.344917;"2013-08-13T23:59:59.999Z"
"2013-08-12T00:00:00.000Z";"2013-08-12T23:59:59.999Z";"2013-08-12T21:41:02.000Z";"2013-08-12T07:11:01.000Z";"2783";238.161;247.0284;234.7587;243.9085264297;0;2792718031.1975737;"2013-08-12T23:59:59.999Z"
"2013-08-11T00:00:00.000Z";"2013-08-11T23:59:59.999Z";"2013-08-11T20:31:01.000Z";"2013-08-11T05:16:01.000Z";"2783";233.8100000001;238.570925537;233.2538437654;238.161;0;2750761597.5014577;"2013-08-11T23:59:59.999Z"
"2013-08-10T00:00:00.000Z";"2013-08-10T23:59:59.999Z";"2013-08-10T04:36:02.000Z";"2013-08-10T03:26:01.000Z";"2783";233.3560069276;235.8530034639;232.4707083131;233.8100000001;0;2697109409.7514296;"2013-08-10T23:59:59.999Z"
"2013-08-09T00:00:00.000Z";"2013-08-09T23:59:59.999Z";"2013-08-09T01:01:02.000Z";"2013-08-09T21:16:00.000Z";"2783";235.1438973036;241.2580499998;231.2089614624;233.3560069276;0;2704159686.379826;"2013-08-09T23:59:59.999Z"
"2013-08-08T00:00:00.000Z";"2013-08-08T23:59:59.999Z";"2013-08-08T00:01:00.000Z";"2013-08-08T17:01:02.000Z";"2783";246.261575;246.261575;231.0955768751;234.9841999998;0;2738534600.7101583;"2013-08-08T23:59:59.999Z"
"2013-08-07T00:00:00.000Z";"2013-08-07T23:59:59.999Z";"2013-08-07T00:01:00.000Z";"2013-08-07T00:01:00.000Z";"2783";245.3221750001;246.261575;245.3221750001;246.261575;0;2824590458.5158057;"2013-08-07T23:59:59.999Z"
"2013-08-06T00:00:00.000Z";"2013-08-06T23:59:59.999Z";"2013-08-06T15:11:02.000Z";"2013-08-06T05:06:02.000Z";"2783";245.9896028135;246.484651486;243.3088831709;245.3221750001;0;2833071235.7475495;"2013-08-06T23:59:59.999Z"
"2013-08-05T00:00:00.000Z";"2013-08-05T23:59:59.999Z";"2013-08-05T14:01:01.000Z";"2013-08-05T00:11:02.000Z";"2783";240.462006283;247.7093372841;240.1875000002;244.8371028135;0;2796874040.1022725;"2013-08-05T23:59:59.999Z"
"2013-08-04T00:00:00.000Z";"2013-08-04T23:59:59.999Z";"2013-08-04T23:41:01.000Z";"2013-08-04T08:01:02.000Z";"2783";240.0731180193;242.3606180193;236.8088685038;240.5168935778;0;2767411503.0922484;"2013-08-04T23:59:59.999Z"
"2013-08-03T00:00:00.000Z";"2013-08-03T23:59:59.999Z";"2013-08-03T20:26:02.000Z";"2013-08-03T13:01:01.000Z";"2783";239.0460362436;241.9717472078;233.3295724871;237.9114312174;0;2736368137.326723;"2013-08-03T23:59:59.999Z"
"2013-08-02T00:00:00.000Z";"2013-08-02T23:59:59.999Z";"2013-08-02T10:16:01.000Z";"2013-08-02T02:36:02.000Z";"2783";241.5148312666;248.7563999999;233.1192929259;239.0460362436;0;2767385432.9325113;"2013-08-02T23:59:59.999Z"
"2013-08-01T00:00:00.000Z";"2013-08-01T23:59:59.999Z";"2013-08-01T11:01:01.000Z";"2013-08-01T19:56:01.000Z";"2783";241.7832673644;245.8511999999;237.0283146513;239.5431999999;0;2720810645.2786756;"2013-08-01T23:59:59.999Z"
"2013-07-31T00:00:00.000Z";"2013-07-31T23:59:59.999Z";"2013-07-31T04:51:01.000Z";"2013-07-31T16:06:02.000Z";"2783";246.2879180373;253.7529800337;238.3942056968;241.5032676635;0;2780641627.1291265;"2013-07-31T23:59:59.999Z"
"2013-07-30T00:00:00.000Z";"2013-07-30T23:59:59.999Z";"2013-07-30T23:56:01.000Z";"2013-07-30T01:36:02.000Z";"2783";230.2785373993;246.3791801261;227.9664327698;246.3791801261;0;2813769578.4540224;"2013-07-30T23:59:59.999Z"
"2013-07-29T00:00:00.000Z";"2013-07-29T23:59:59.999Z";"2013-07-29T05:21:01.000Z";"2013-07-29T01:06:02.000Z";"2783";222.0176165643;230.8095;221.6911276231;229.6227930756;0;2615617817.539042;"2013-07-29T23:59:59.999Z"
"2013-07-28T00:00:00.000Z";"2013-07-28T23:59:59.999Z";"2013-07-28T21:41:02.000Z";"2013-07-28T23:06:01.000Z";"2783";212.9664034422;226.4692387338;211.6598000001;224.6205777787;0;2582224002.2995906;"2013-07-28T23:59:59.999Z"
"2013-07-27T00:00:00.000Z";"2013-07-27T23:59:59.999Z";"2013-07-27T00:16:02.000Z";"2013-07-27T06:51:01.000Z";"2783";216.6213533933;218.8207261961;209.8079999998;212.3256899412;0;2435333267.9781504;"2013-07-27T23:59:59.999Z"
"2013-07-26T00:00:00.000Z";"2013-07-26T23:59:59.999Z";"2013-07-26T00:16:02.000Z";"2013-07-26T06:06:02.000Z";"2783";217.4394531556;218.6036996155;215.3088;216.6215771482;0;2469104798.876074;"2013-07-26T23:59:59.999Z"
"2013-07-25T00:00:00.000Z";"2013-07-25T23:59:59.999Z";"2013-07-25T12:11:02.000Z";"2013-07-25T06:11:02.000Z";"2783";212.2676743309;218.6129171127;210.8317482491;217.3273234223;0;2494491386.730809;"2013-07-25T23:59:59.999Z"
"2013-07-24T00:00:00.000Z";"2013-07-24T23:59:59.999Z";"2013-07-24T19:36:01.000Z";"2013-07-24T08:06:13.000Z";"2783";211.3945185609;215.8815051957;205.7346000001;212.2789157982;0;2395477064.566326;"2013-07-24T23:59:59.999Z"
"2013-07-23T00:00:00.000Z";"2013-07-23T23:59:59.999Z";"2013-07-23T14:16:02.000Z";"2013-07-23T00:01:01.000Z";"2783";204.4511965943;215.7133954774;204.4511965943;211.3945185609;0;2442888416.7201242;"2013-07-23T23:59:59.999Z"
"2013-07-22T00:00:00.000Z";"2013-07-22T23:59:59.999Z";"2013-07-22T00:01:01.000Z";"2013-07-22T14:56:01.000Z";"2783";206.5999110674;206.5999110674;201.8950044875;204.4735213624;0;2355602493.0810685;"2013-07-22T23:59:59.999Z"
"2013-07-21T00:00:00.000Z";"2013-07-21T23:59:59.999Z";"2013-07-21T23:31:02.000Z";"2013-07-21T15:31:02.000Z";"2783";201.7119258478;206.4921081469;197.6216000002;203.8136715982;0;2332830869.5453963;"2013-07-21T23:59:59.999Z"
"2013-07-20T00:00:00.000Z";"2013-07-20T23:59:59.999Z";"2013-07-20T09:31:01.000Z";"2013-07-20T23:41:01.000Z";"2783";206.6044000002;209.0746665735;200.4761157946;200.7433443628;0;2296694602.3943834;"2013-07-20T23:59:59.999Z"
"2013-07-19T00:00:00.000Z";"2013-07-19T23:59:59.999Z";"2013-07-19T19:01:01.000Z";"2013-07-19T02:01:02.000Z";"2783";200.322242852;212.9816721311;195.2759867874;206.9861648882;0;2344387715.08095;"2013-07-19T23:59:59.999Z"
"2013-07-18T00:00:00.000Z";"2013-07-18T23:59:59.999Z";"2013-07-18T00:36:02.000Z";"2013-07-18T12:21:02.000Z";"2783";219.1428000002;219.8102467898;191.7777532106;201.4589820724;0;2303808931.9497046;"2013-07-18T23:59:59.999Z"
"2013-07-17T00:00:00.000Z";"2013-07-17T23:59:59.999Z";"2013-07-17T08:26:02.000Z";"2013-07-17T00:11:02.000Z";"2783";217.7135499389;225.0524667479;216.5204166869;219.1428000002;0;2534081289.5987024;"2013-07-17T23:59:59.999Z"
"2013-07-16T00:00:00.000Z";"2013-07-16T23:59:59.999Z";"2013-07-16T08:31:01.000Z";"2013-07-16T03:41:01.000Z";"2783";219.3881237524;221.5445060232;213.2901430662;219.3812365355;0;2469671986.4877934;"2013-07-16T23:59:59.999Z"
"2013-07-15T00:00:00.000Z";"2013-07-15T23:59:59.999Z";"2013-07-15T13:41:01.000Z";"2013-07-15T13:21:01.000Z";"2783";212.3897526169;230.8136934562;210.9220843825;218.300843456;0;2549582143.6183605;"2013-07-15T23:59:59.999Z"
"2013-07-14T00:00:00.000Z";"2013-07-14T23:59:59.999Z";"2013-07-14T00:01:01.000Z";"2013-07-14T23:16:01.000Z";"2783";223.9502930756;223.9502930756;210.6993413849;214.8545584259;0;2452602398.5291395;"2013-07-14T23:59:59.999Z"
"2013-07-13T00:00:00.000Z";"2013-07-13T23:59:59.999Z";"2013-07-13T23:51:01.000Z";"2013-07-13T03:01:02.000Z";"2783";213.2630801086;222.92925;199.8131373673;222.6658270493;0;2540817395.1682105;"2013-07-13T23:59:59.999Z"
"2013-07-12T00:00:00.000Z";"2013-07-12T23:59:59.999Z";"2013-07-12T10:56:02.000Z";"2013-07-12T09:01:02.000Z";"2783";200.5853513068;234.4471999999;198.7526146255;212.3668327255;0;2406768869.109569;"2013-07-12T23:59:59.999Z"
"2013-07-11T00:00:00.000Z";"2013-07-11T23:59:59.999Z";"2013-07-11T01:01:01.000Z";"2013-07-11T13:56:01.000Z";"2783";199.9447999999;205.1251852263;192.6634395483;200.5876215675;0;2305386407.004644;"2013-07-11T23:59:59.999Z"
"2013-07-10T00:00:00.000Z";"2013-07-10T23:59:59.999Z";"2013-07-10T21:41:02.000Z";"2013-07-10T04:31:01.000Z";"2783";173.087994754;197.1274008536;171.9224331146;197.1274008536;0;2231187509.8352795;"2013-07-10T23:59:59.999Z"
"2013-07-09T00:00:00.000Z";"2013-07-09T23:59:59.999Z";"2013-07-09T20:06:07.000Z";"2013-07-09T13:46:01.000Z";"2783";172.0260000001;176.652636885;163.684884423;173.0293339508;0;1977941025.778908;"2013-07-09T23:59:59.999Z"
"2013-07-08T00:00:00.000Z";"2013-07-08T23:59:59.999Z";"2013-07-08T05:46:01.000Z";"2013-07-08T14:11:01.000Z";"2783";172.28565;180.168;163.6403965606;173.1939633752;0;1962610426.899699;"2013-07-08T23:59:59.999Z"
"2013-07-07T00:00:00.000Z";"2013-07-07T23:59:59.999Z";"2013-07-07T23:56:01.000Z";"2013-07-07T04:56:01.000Z";"2783";154.8296241372;167.9190447327;150.0349081856;167.9190447327;0;1911670264.4329646;"2013-07-07T23:59:59.999Z"
"2013-07-06T00:00:00.000Z";"2013-07-06T23:59:59.999Z";"2013-07-06T09:51:02.000Z";"2013-07-06T02:26:02.000Z";"2783";154.2801043145;168.9075;150.4853213128;158.2715027665;0;1801098099.1143827;"2013-07-06T23:59:59.999Z"
"2013-07-05T00:00:00.000Z";"2013-07-05T23:59:59.999Z";"2013-07-05T01:06:02.000Z";"2013-07-05T18:56:01.000Z";"2783";179.8815071959;179.9039999999;147.5973171996;154.1134545502;0;1750491059.052897;"2013-07-05T23:59:59.999Z"
"2013-07-04T00:00:00.000Z";"2013-07-04T23:59:59.999Z";"2013-07-04T10:41:01.000Z";"2013-07-04T06:06:02.000Z";"2783";178.7647386169;188.3159376068;163.152;181.0864249144;0;2074791767.7673295;"2013-07-04T23:59:59.999Z"
"2013-07-03T00:00:00.000Z";"2013-07-03T23:59:59.999Z";"2013-07-03T00:35:01.000Z";"2013-07-03T22:30:01.000Z";"2783";203.4112472536;204.7077026369;174.434872345;175.6829772339;0;1982774509.8769827;"2013-07-03T23:59:59.999Z"
"2013-07-02T00:00:00.000Z";"2013-07-02T23:59:59.999Z";"2013-07-02T12:50:03.000Z";"2013-07-02T00:05:01.000Z";"2783";195.9816967926;205.4413467926;194.7797627548;202.8015060427;0;2279402222.7487445;"2013-07-02T23:59:59.999Z"
"2013-07-01T00:00:00.000Z";"2013-07-01T23:59:59.999Z";"2013-07-01T04:35:01.000Z";"2013-07-01T23:25:02.000Z";"2783";217.5935697668;217.9392282179;192.0803145798;195.9816967926;0;2231645708.579967;"2013-07-01T23:59:59.999Z"
"2013-06-30T00:00:00.000Z";"2013-06-30T23:59:59.999Z";"2013-06-30T14:05:02.000Z";"2013-06-30T00:40:02.000Z";"2783";211.9902697256;218.959910652;210.257057247;215.5941374586;0;2447861266.765432;"2013-06-30T23:59:59.999Z"
"2013-06-29T00:00:00.000Z";"2013-06-29T23:59:59.999Z";"2013-06-29T05:40:01.000Z";"2013-06-29T00:50:01.000Z";"2783";211.2337981718;223.1276802328;207.5294999998;211.9791183546;0;2406000006.192368;"2013-06-29T23:59:59.999Z"
"2013-06-28T00:00:00.000Z";"2013-06-28T23:59:59.999Z";"2013-06-28T03:50:01.000Z";"2013-06-28T03:55:02.000Z";"2783";223.6789671265;223.6789671265;203.0033342026;211.2096907805;0;2361048962.894965;"2013-06-28T23:59:59.999Z"
"2013-06-27T00:00:00.000Z";"2013-06-27T23:59:59.999Z";"2013-06-27T00:00:01.000Z";"2013-06-27T23:50:02.000Z";"2783";227.6247999998;227.6247999998;222.2784566453;223.0193804169;0;2518029361.71852;"2013-06-27T23:59:59.999Z"
"2013-06-26T00:00:00.000Z";"2013-06-26T23:59:59.999Z";"2013-06-26T08:55:01.000Z";"2013-06-26T22:25:02.000Z";"2783";228.6257506669;233.4998979872;224.7341491996;227.6247999998;0;2608888165.5206013;"2013-06-26T23:59:59.999Z"
"2013-06-25T00:00:00.000Z";"2013-06-25T23:59:59.999Z";"2013-06-25T08:00:02.000Z";"2013-06-25T03:30:02.000Z";"2783";227.4667208406;237.2364567201;225.0603857598;229.9997632477;0;2624893728.5351586;"2013-06-25T23:59:59.999Z"
"2013-06-24T00:00:00.000Z";"2013-06-24T23:59:59.999Z";"2013-06-24T00:20:01.000Z";"2013-06-24T17:00:02.000Z";"2783";242.2139234255;243.1881623781;226.4476575282;228.9083086122;0;2612802916.985868;"2013-06-24T23:59:59.999Z"
"2013-06-23T00:00:00.000Z";"2013-06-23T23:59:59.999Z";"2013-06-23T08:40:02.000Z";"2013-06-23T17:50:01.000Z";"2783";242.8873531496;244.2342468508;238.4740858034;241.5404765749;0;2735572744.753939;"2013-06-23T23:59:59.999Z"
"2013-06-22T00:00:00.000Z";"2013-06-22T23:59:59.999Z";"2013-06-22T01:40:01.000Z";"2013-06-22T12:45:02.000Z";"2783";245.8056000002;246.8292316774;241.3474270632;243.1118468508;0;2752372463.1739507;"2013-06-22T23:59:59.999Z"
"2013-06-21T00:00:00.000Z";"2013-06-21T23:59:59.999Z";"2013-06-21T03:45:02.000Z";"2013-06-21T13:25:02.000Z";"2783";251.2928220672;259.6474151763;243.303483484;245.8056000002;0;2798145748.274328;"2013-06-21T23:59:59.999Z"
"2013-06-20T00:00:00.000Z";"2013-06-20T23:59:59.999Z";"2013-06-20T17:50:02.000Z";"2013-06-20T05:00:01.000Z";"2783";241.0641506766;258.3180068971;239.3810000001;248.7187034454;0;2774951046.34663;"2013-06-20T23:59:59.999Z"
"2013-06-19T00:00:00.000Z";"2013-06-19T23:59:59.999Z";"2013-06-19T10:10:01.000Z";"2013-06-19T02:30:02.000Z";"2783";233.3904166535;241.0619249999;230.567045012;241.0619249999;0;2668987404.518519;"2013-06-19T23:59:59.999Z"
"2013-06-18T00:00:00.000Z";"2013-06-18T23:59:59.999Z";"2013-06-18T13:50:02.000Z";"2013-06-18T00:25:01.000Z";"2783";221.2722733765;240.6442039321;219.282016974;234.1534833268;0;2635334558.3288813;"2013-06-18T23:59:59.999Z"
"2013-06-17T00:00:00.000Z";"2013-06-17T23:59:59.999Z";"2013-06-17T00:10:02.000Z";"2013-06-17T00:20:02.000Z";"2783";214.8149732813;220.7296733765;212.8797000002;220.7296733765;0;2471594568.2975926;"2013-06-17T23:59:59.999Z"
"2013-06-16T00:00:00.000Z";"2013-06-16T23:59:59.999Z";"2013-06-16T00:15:02.000Z";"2013-06-16T00:20:02.000Z";"2783";214.5999465624;218.4704767191;212.7648779962;213.9763575937;0;2417595776.146072;"2013-06-16T23:59:59.999Z"
"2013-06-15T00:00:00.000Z";"2013-06-15T23:59:59.999Z";"2013-06-15T00:00:04.000Z";"2013-06-15T02:05:02.000Z";"2783";215.0300000002;222.986103438;210.7294000002;215.0044074404;0;2428216821.8101897;"2013-06-15T23:59:59.999Z"
"2013-06-14T00:00:00.000Z";"2013-06-14T23:59:59.999Z";"2013-06-14T22:00:02.000Z";"2013-06-14T04:05:02.000Z";"2783";220.2679256976;225.2620434339;207.6620000002;214.984622423;0;2391734989.920005;"2013-06-14T23:59:59.999Z"
"2013-06-13T00:00:00.000Z";"2013-06-13T23:59:59.999Z";"2013-06-13T03:40:02.000Z";"2013-06-13T22:40:01.000Z";"2783";234.4775477049;237.7626865782;213.0230674136;220.3760000002;0;2529892779.4378457;"2013-06-13T23:59:59.999Z"
"2013-06-12T00:00:00.000Z";"2013-06-12T23:59:59.999Z";"2013-06-12T12:20:01.000Z";"2013-06-12T00:15:02.000Z";"2783";232.3661999998;238.3075320646;227.535543672;233.128143289;0;2600731731.5576034;"2013-06-12T23:59:59.999Z"
"2013-06-11T00:00:00.000Z";"2013-06-11T23:59:59.999Z";"2013-06-11T16:25:01.000Z";"2013-06-11T06:20:02.000Z";"2783";228.2590017252;234.3357567374;223.2047999999;232.1530232527;0;2635387522.27031;"2013-06-11T23:59:59.999Z"
"2013-06-10T00:00:00.000Z";"2013-06-10T23:59:59.999Z";"2013-06-10T01:40:02.000Z";"2013-06-10T00:35:02.000Z";"2783";214.6137740356;235.2638123656;203.0002712524;228.2590017252;0;2561251697.6750064;"2013-06-10T23:59:59.999Z"
"2013-06-09T00:00:00.000Z";"2013-06-09T23:59:59.999Z";"2013-06-09T20:10:01.000Z";"2013-06-09T06:45:01.000Z";"2783";230.0365295563;232.3775744453;188.69085;213.6799999999;0;2402114474.2499676;"2013-06-09T23:59:59.999Z"
"2013-06-08T00:00:00.000Z";"2013-06-08T23:59:59.999Z";"2013-06-08T00:20:02.000Z";"2013-06-08T11:45:01.000Z";"2783";236.6631;237.547923452;228.7743365066;230.9064365066;0;2600560577.231965;"2013-06-08T23:59:59.999Z"
"2013-06-07T00:00:00.000Z";"2013-06-07T23:59:59.999Z";"2013-06-07T01:11:16.000Z";"2013-06-07T16:30:01.000Z";"2783";253.3942056;253.4581;227.4833880862;237.72915;0;2673575372.011515;"2013-06-07T23:59:59.999Z"
"2013-06-06T00:00:00.000Z";"2013-06-06T23:59:59.999Z";"2013-06-06T03:05:01.000Z";"2013-06-06T23:15:02.000Z";"2783";259.5616732491;262.116826751;249.730775;251.3282;0;2827625653.860171;"2013-06-06T23:59:59.999Z"
"2013-06-05T00:00:00.000Z";"2013-06-05T23:59:59.999Z";"2013-06-05T17:50:02.000Z";"2013-06-05T05:55:01.000Z";"2783";258.1692432449;262.4457101624;254.9772178131;259.0293482491;0;2910223324.4434824;"2013-06-05T23:59:59.999Z"
"2013-06-04T00:00:00.000Z";"2013-06-04T23:59:59.999Z";"2013-06-04T07:25:01.000Z";"2013-06-04T14:00:01.000Z";"2783";256.4333132632;263.3952882113;251.5749267771;258.2117681061;0;2899840411.8282704;"2013-06-04T23:59:59.999Z"
"2013-06-03T00:00:00.000Z";"2013-06-03T23:59:59.999Z";"2013-06-03T00:00:01.000Z";"2013-06-03T11:10:01.000Z";"2783";262.3705000001;262.3705000001;248.6111999999;259.5873060595;0;2942207918.4117565;"2013-06-03T23:59:59.999Z"
"2013-06-02T00:00:00.000Z";"2013-06-02T23:59:59.999Z";"2013-06-02T00:10:01.000Z";"2013-06-02T15:40:01.000Z";"2783";276.9347465364;277.1489069276;246.4140965364;261.925005208;0;2942485157.2873564;"2013-06-02T23:59:59.999Z"
"2013-06-01T00:00:00.000Z";"2013-06-01T23:59:59.999Z";"2013-06-01T00:05:02.000Z";"2013-06-01T06:45:01.000Z";"2783";275.8959722291;277.9628013856;272.4348128404;276.9347465364;0;3109714042.1986237;"2013-06-01T23:59:59.999Z"
"2013-05-31T00:00:00.000Z";"2013-05-31T23:59:59.999Z";"2013-05-31T22:00:01.000Z";"2013-05-31T19:25:02.000Z";"2783";271.7014820024;278.2198069276;271.3176032754;276.2922000001;0;3054282186.901924;"2013-05-31T23:59:59.999Z"
"2013-05-30T00:00:00.000Z";"2013-05-30T23:59:59.999Z";"2013-05-30T00:00:01.000Z";"2013-05-30T20:25:02.000Z";"2783";278.9813750002;278.9813750002;267.9065000002;271.7014820024;0;3048341287.5921454;"2013-05-30T23:59:59.999Z"
"2013-05-29T00:00:00.000Z";"2013-05-29T23:59:59.999Z";"2013-05-29T21:35:01.000Z";"2013-05-29T14:35:02.000Z";"2783";267.8169000002;279.6190432771;265.9199513397;279.0868564379;0;3080381356.349901;"2013-05-29T23:59:59.999Z"
"2013-05-28T00:00:00.000Z";"2013-05-28T23:59:59.999Z";"2013-05-28T00:20:01.000Z";"2013-05-28T14:25:01.000Z";"2783";266.8071287843;268.4724837648;258.7359968566;267.8169000002;0;2973366588.601213;"2013-05-28T23:59:59.999Z"
"2013-05-27T00:00:00.000Z";"2013-05-27T23:59:59.999Z";"2013-05-27T09:45:01.000Z";"2013-05-27T19:55:02.000Z";"2783";273.8752499999;277.9064399871;256.2834337282;266.755709961;0;2982941538.98441;"2013-05-27T23:59:59.999Z"
"2013-05-26T00:00:00.000Z";"2013-05-26T23:59:59.999Z";"2013-05-26T15:15:02.000Z";"2013-05-26T02:10:02.000Z";"2783";270.7692634734;279.0039999999;267.9566837691;273.834211235;0;3067593620.271451;"2013-05-26T23:59:59.999Z"
"2013-05-25T00:00:00.000Z";"2013-05-25T23:59:59.999Z";"2013-05-25T00:50:02.000Z";"2013-05-25T12:05:02.000Z";"2783";273.0546625213;273.2987664794;264.4383374785;270.756961235;0;3032031314.998463;"2013-05-25T23:59:59.999Z"
"2013-05-24T00:00:00.000Z";"2013-05-24T23:59:59.999Z";"2013-05-24T19:15:01.000Z";"2013-05-24T05:15:01.000Z";"2783";258.1445762377;274.1917375032;256.957067718;273.2597937392;0;3047599546.805743;"2013-05-24T23:59:59.999Z"
"2013-05-23T00:00:00.000Z";"2013-05-23T23:59:59.999Z";"2013-05-23T15:10:12.000Z";"2013-05-23T00:25:02.000Z";"2783";253.579546251;260.6716585145;252.1457268746;258.9621237627;0;2904017947.9104276;"2013-05-23T23:59:59.999Z"
"2013-05-22T00:00:00.000Z";"2013-05-22T23:59:59.999Z";"2013-05-22T23:40:01.000Z";"2013-05-22T03:25:01.000Z";"2783";250.0811487582;253.9912471749;248.2700000002;253.761838575;0;2820060250.45257;"2013-05-22T23:59:59.999Z"
"2013-05-21T00:00:00.000Z";"2013-05-21T23:59:59.999Z";"2013-05-21T05:10:01.000Z";"2013-05-21T10:00:01.000Z";"2783";248.7133591577;250.8339000001;247.183551133;250.060794411;0;2800651594.7534666;"2013-05-21T23:59:59.999Z"
"2013-05-20T00:00:00.000Z";"2013-05-20T23:59:59.999Z";"2013-05-20T06:05:01.000Z";"2013-05-20T04:45:03.000Z";"2783";249.3119999999;251.5934636718;244.4682295898;248.6726000001;0;2775422388.4792185;"2013-05-20T23:59:59.999Z"
"2013-05-19T00:00:00.000Z";"2013-05-19T23:59:59.999Z";"2013-05-19T11:55:01.000Z";"2013-05-19T17:05:01.000Z";"2783";250.7590242187;253.3823999999;243.3508974609;248.2740436523;0;2774394211.036019;"2013-05-19T23:59:59.999Z"
"2013-05-18T00:00:00.000Z";"2013-05-18T23:59:59.999Z";"2013-05-18T02:50:02.000Z";"2013-05-18T01:20:01.000Z";"2783";251.3471999999;254.9087999999;248.9049662109;251.3431318359;0;2807710115.7131295;"2013-05-18T23:59:59.999Z"
"2013-05-17T00:00:00.000Z";"2013-05-17T23:59:59.999Z";"2013-05-17T17:40:02.000Z";"2013-05-17T03:35:01.000Z";"2783";239.4225321455;255.2361062165;236.1029016691;250.3601267577;0;2782340350.3575644;"2013-05-17T23:59:59.999Z"
"2013-05-16T00:00:00.000Z";"2013-05-16T23:59:59.999Z";"2013-05-16T23:55:01.000Z";"2013-05-16T06:20:01.000Z";"2783";230.9414204683;240.5365083265;226.8571738298;240.5365083265;0;2680486990.636698;"2013-05-16T23:59:59.999Z"
"2013-05-15T00:00:00.000Z";"2013-05-15T23:59:59.999Z";"2013-05-15T15:45:02.000Z";"2013-05-15T00:25:01.000Z";"2783";225.1171230835;235.140619043;209.1528;230.9414204683;0;2575759800.3004494;"2013-05-15T23:59:59.999Z"
"2013-05-14T00:00:00.000Z";"2013-05-14T23:59:59.999Z";"2013-05-14T13:00:02.000Z";"2013-05-14T23:15:01.000Z";"2783";236.951038742;240.2229661193;222.7932;225.3192;0;2498197520.6946692;"2013-05-14T23:59:59.999Z"
"2013-05-13T00:00:00.000Z";"2013-05-13T23:59:59.999Z";"2013-05-13T11:50:01.000Z";"2013-05-13T03:15:01.000Z";"2783";232.0627013831;239.4158779524;231.4159499999;236.951038742;0;2659181502.2203135;"2013-05-13T23:59:59.999Z"
"2013-05-12T00:00:00.000Z";"2013-05-12T23:59:59.999Z";"2013-05-12T08:35:02.000Z";"2013-05-12T14:20:01.000Z";"2783";233.7200027663;237.3761688422;229.2634735656;232.4264999999;0;2591015083.3862953;"2013-05-12T23:59:59.999Z"
"2013-05-11T00:00:00.000Z";"2013-05-11T23:59:59.999Z";"2013-05-11T11:50:03.000Z";"2013-05-11T20:25:01.000Z";"2783";237.883463832;239.8621286269;228.4045153174;232.9176196517;0;2595511756.8655553;"2013-05-11T23:59:59.999Z"
"2013-05-10T00:00:00.000Z";"2013-05-10T23:59:59.999Z";"2013-05-10T13:15:02.000Z";"2013-05-10T02:00:01.000Z";"2783";227.1095138506;245.7080000001;224.5967884386;236.872913832;0;2628451579.673854;"2013-05-10T23:59:59.999Z"
"2013-05-09T00:00:00.000Z";"2013-05-09T23:59:59.999Z";"2013-05-09T19:20:01.000Z";"2013-05-09T03:00:01.000Z";"2783";227.0565538787;227.9411381605;219.1537122847;226.8497743135;0;2516347069.214398;"2013-05-09T23:59:59.999Z"
"2013-05-08T00:00:00.000Z";"2013-05-08T23:59:59.999Z";"2013-05-08T07:55:01.000Z";"2013-05-08T00:00:01.000Z";"2783";220.0987169358;232.5093935487;220.0987169358;227.790686595;0;2538463607.758706;"2013-05-08T23:59:59.999Z"
"2013-05-07T00:00:00.000Z";"2013-05-07T23:59:59.999Z";"2013-05-07T14:40:01.000Z";"2013-05-07T14:35:02.000Z";"2783";225.3980000002;228.1245400911;196.4258438646;223.9143000001;0;2491111948.802451;"2013-05-07T23:59:59.999Z"
"2013-05-06T00:00:00.000Z";"2013-05-06T23:59:59.999Z";"2013-05-06T14:25:01.000Z";"2013-05-06T21:30:02.000Z";"2783";233.1198067474;250.9466230546;214.1331187746;225.4984061282;0;2510536350.599724;"2013-05-06T23:59:59.999Z"
"2013-05-05T00:00:00.000Z";"2013-05-05T23:59:59.999Z";"2013-05-05T04:20:01.000Z";"2013-05-05T07:25:01.000Z";"2783";226.929003067;238.788006134;215.3574254608;232.9791073608;0;2590273282.754715;"2013-05-05T23:59:59.999Z"
"2013-05-04T00:00:00.000Z";"2013-05-04T23:59:59.999Z";"2013-05-04T07:15:01.000Z";"2013-05-04T06:50:01.000Z";"2783";197.180996933;231.15;185.925;226.125;0;2513136290.6247234;"2013-05-04T23:59:59.999Z"
"2013-05-03T00:00:00.000Z";"2013-05-03T23:59:59.999Z";"2013-05-03T05:30:02.000Z";"2013-05-03T03:05:01.000Z";"2783";213.6687499998;217.4129662866;159.0700969313;196.4775;0;2183936284.35418;"2013-05-03T23:59:59.999Z"
"2013-05-02T00:00:00.000Z";"2013-05-02T23:59:59.999Z";"2013-05-02T14:25:01.000Z";"2013-05-02T14:30:02.000Z";"2783";233.2022384964;252.2424769356;185.3297367546;211.5773081587;0;2341475356.9819674;"2013-05-02T23:59:59.999Z"
"2013-05-01T00:00:00.000Z";"2013-05-01T23:59:59.999Z";"2013-05-01T00:15:01.000Z";"2013-05-01T19:55:01.000Z";"2783";278.5282;280.311580777;216.2479024507;234.4245577194;0;2602845214.9562693;"2013-05-01T23:59:59.999Z"
"2013-04-30T00:00:00.000Z";"2013-04-30T23:59:59.999Z";"2013-04-30T08:25:02.000Z";"2013-04-30T18:55:01.000Z";"2783";289.4112000002;295.29989928;268.0329811019;278.5282;0;3100745818.6270847;"2013-04-30T23:59:59.999Z"
"2013-04-29T00:00:00.000Z";"2013-04-29T23:59:59.999Z";"2013-04-29T13:15:01.000Z";"2013-04-29T05:20:01.000Z";"2783";268.8073340879;294.3860611572;267.9195999997;290.4964785067;0;3206575467.67812;"2013-04-29T23:59:59.999Z"
"2013-04-28T00:00:00.000Z";"2013-04-28T23:59:59.999Z";"2013-04-28T00:45:00.000Z";"2013-04-28T13:05:00.000Z";"2783";273.1189278526;286.4592040836;255.8317381665;255.8317381665;51864.3103629655;2835316849.211236;"2013-04-28T23:59:59.999Z"
"2013-04-27T00:00:00.000Z";"2013-04-27T23:59:59.999Z";"2013-04-27T00:19:00.000Z";"2013-04-27T02:09:00.000Z";"2783";278.7927600219;294.7736499919;248.8479869927;273.3759256777;119789.7236784694;3030799286.032546;"2013-04-27T23:59:59.999Z"
"2013-04-26T00:00:00.000Z";"2013-04-26T23:59:59.999Z";"2013-04-26T00:00:00.000Z";"2013-04-26T23:58:00.000Z";"2783";329.4392722241;329.4392722241;278.3255224124;279.1379379384;258191.4182598327;3104173079.740629;"2013-04-26T23:59:59.999Z"
"2013-04-25T00:00:00.000Z";"2013-04-25T23:59:59.999Z";"2013-04-25T19:29:00.000Z";"2013-04-25T06:07:00.000Z";"2783";299.9922462447;322.2307149088;259.7535073002;306.7107479246;377147.645930749;3409471295.4186134;"2013-04-25T23:59:59.999Z"
"2013-04-24T00:00:00.000Z";"2013-04-24T23:59:59.999Z";"2013-04-24T02:16:00.000Z";"2013-04-24T00:00:00.000Z";"2783";258.2196679875;374.6764673464;258.2196679875;299.9938496518;454623.6795738166;3331911600.480037;"2013-04-24T23:59:59.999Z"
"2013-04-23T00:00:00.000Z";"2013-04-23T23:59:59.999Z";"2013-04-23T02:59:00.000Z";"2013-04-23T00:29:00.000Z";"2783";249.7037301402;292.5214480593;244.0129992967;257.6762817803;234903.1493723926;2852544079.3504486;"2013-04-23T23:59:59.999Z"
"2013-04-22T00:00:00.000Z";"2013-04-22T23:59:59.999Z";"2013-04-22T19:58:00.000Z";"2013-04-22T02:20:00.000Z";"2783";249.4748097221;268.2772021609;214.1722430602;248.901324626;119115.681510966;2742501295.507924;"2013-04-22T23:59:59.999Z"
"2013-04-21T00:00:00.000Z";"2013-04-21T23:59:59.999Z";"2013-04-21T00:58:00.000Z";"2013-04-21T22:58:00.000Z";"2783";247.2163505376;293.2977167209;238.0460337691;249.4931631475;199562.0741550412;2762333024.8730626;"2013-04-21T23:59:59.999Z"
"2013-04-20T00:00:00.000Z";"2013-04-20T23:59:59.999Z";"2013-04-20T23:36:00.000Z";"2013-04-20T08:32:00.000Z";"2783";232.4203418571;251.8502244583;205.8911144957;247.0639700253;149364.4776558601;2731075442.2202883;"2013-04-20T23:59:59.999Z"
"2013-04-19T00:00:00.000Z";"2013-04-19T23:59:59.999Z";"2013-04-19T02:10:00.000Z";"2013-04-19T11:42:00.000Z";"2783";208.6598804838;262.6845752949;200.5967549137;232.5432930019;514424.47456191;2567343393.6272225;"2013-04-19T23:59:59.999Z"
"2013-04-18T00:00:00.000Z";"2013-04-18T23:59:59.999Z";"2013-04-18T02:20:00.000Z";"2013-04-18T00:00:00.000Z";"2783";140.9899622517;254.2755835297;140.9899622517;208.384990956;346478.3124388489;2293469637.510294;"2013-04-18T23:59:59.999Z"
"2013-04-17T00:00:00.000Z";"2013-04-17T23:59:59.999Z";"2013-04-17T01:15:00.000Z";"2013-04-17T12:03:00.000Z";"2783";135.3716614684;145.1309465193;117.0623184822;139.7841347349;649362.3274054648;1534216023.4588318;"2013-04-17T23:59:59.999Z"
"2013-04-16T00:00:00.000Z";"2013-04-16T23:59:59.999Z";"2013-04-16T00:00:00.000Z";"2013-04-16T15:54:00.000Z";"2783";197.8639597812;197.8639597812;112.8515821739;135.373391719;1142822.1199150411;1498001338.5362656;"2013-04-16T23:59:59.999Z"
"2013-04-15T00:00:00.000Z";"2013-04-15T23:59:59.999Z";"2013-04-15T17:23:00.000Z";"2013-04-15T01:06:00.000Z";"2783";183.6686054849;222.0952256546;171.4196395041;197.9739032674;466078.0266706933;2163171376.3616357;"2013-04-15T23:59:59.999Z"
"2013-04-14T00:00:00.000Z";"2013-04-14T23:59:59.999Z";"2013-04-14T00:19:00.000Z";"2013-04-14T11:33:00.000Z";"2783";226.1835435101;231.4871092358;167.3170489973;183.6818663176;328262.8840394213;2026761785.1171591;"2013-04-14T23:59:59.999Z"
"2013-04-13T00:00:00.000Z";"2013-04-13T23:59:59.999Z";"2013-04-13T21:02:00.000Z";"2013-04-13T02:30:00.000Z";"2783";231.5808300767;247.5013068442;192.2050433928;226.5192992668;469147.3918787997;2498541986.8046246;"2013-04-13T23:59:59.999Z"
"2013-04-12T00:00:00.000Z";"2013-04-12T23:59:59.999Z";"2013-04-12T00:00:00.000Z";"2013-04-12T15:03:00.000Z";"2783";298.3111391888;298.3111391888;193.4273170804;231.6090344741;1096394.0284382908;2563827007.833451;"2013-04-12T23:59:59.999Z"
"2013-04-11T00:00:00.000Z";"2013-04-11T23:59:59.999Z";"2013-04-11T00:10:00.000Z";"2013-04-11T13:33:00.000Z";"2783";450.8254659686;458.9969689703;283.45812723;298.6706285578;234756.6756135997;3291876733.690752;"2013-04-11T23:59:59.999Z"
"2013-04-10T00:00:00.000Z";"2013-04-10T23:59:59.999Z";"2013-04-10T15:23:00.000Z";"2013-04-10T00:12:00.000Z";"2783";376.0580003196;495.1530083365;364.3268802155;451.6385693132;376657.9239958823;4976046492.547117;"2013-04-10T23:59:59.999Z"
"2013-04-09T00:00:00.000Z";"2013-04-09T23:59:59.999Z";"2013-04-09T18:52:00.000Z";"2013-04-09T01:08:00.000Z";"2783";363.6683857793;434.3642667176;349.4627457443;376.8975791647;210989.9765328202;4165872851.6105223;"2013-04-09T23:59:59.999Z"
"2013-04-08T00:00:00.000Z";"2013-04-08T23:59:59.999Z";"2013-04-08T01:01:00.000Z";"2013-04-08T00:00:00.000Z";"2783";305.8590604152;409.1784733243;305.8590604152;363.5357744823;227559.5687076893;3996082220.086368;"2013-04-08T23:59:59.999Z"
"2013-04-07T00:00:00.000Z";"2013-04-07T23:59:59.999Z";"2013-04-07T00:57:00.000Z";"2013-04-07T17:38:00.000Z";"2783";284.1440498994;331.2594727931;277.4674241447;304.0870269322;121574.954883918;3353622666.550795;"2013-04-07T23:59:59.999Z"
"2013-04-06T00:00:00.000Z";"2013-04-06T23:59:59.999Z";"2013-04-06T00:18:00.000Z";"2013-04-06T02:44:00.000Z";"2783";278.473853023;290.7956927945;229.0434471955;283.3629247858;36615.6022114953;3117165437.274195;"2013-04-06T23:59:59.999Z"
"2013-04-05T00:00:00.000Z";"2013-04-05T23:59:59.999Z";"2013-04-05T22:19:00.000Z";"2013-04-05T01:49:00.000Z";"2783";264.7900717919;296.8846136437;226.5672661309;279.6625290589;137835.6268323907;3102366111.1275516;"2013-04-05T23:59:59.999Z"
"2013-04-04T00:00:00.000Z";"2013-04-04T23:59:59.999Z";"2013-04-04T02:16:00.000Z";"2013-04-04T18:06:00.000Z";"2783";246.1146767297;278.4292275253;240.3285249919;264.8632567575;179647.4047964729;2920013447.6182857;"2013-04-04T23:59:59.999Z"
"2013-04-03T00:00:00.000Z";"2013-04-03T23:59:59.999Z";"2013-04-03T12:52:00.000Z";"2013-04-03T01:31:00.000Z";"2783";214.0409443585;286.7204591576;202.1678865517;246.0363531634;310010.2792725334;2703620955.4593334;"2013-04-03T23:59:59.999Z"
"2013-04-02T00:00:00.000Z";"2013-04-02T23:59:59.999Z";"2013-04-02T03:27:00.000Z";"2013-04-02T00:36:00.000Z";"2783";201.3585704021;224.8155863497;190.7217109934;213.7212097424;165168.5121268422;2347591241.7663217;"2013-04-02T23:59:59.999Z"
"2013-04-01T00:00:00.000Z";"2013-04-01T23:59:59.999Z";"2013-04-01T23:20:00.000Z";"2013-04-01T07:12:00.000Z";"2783";186.9086502719;203.4997127937;167.653359142;201.1365093188;182818.6713152334;2209746304.6403275;"2013-04-01T23:59:59.999Z"
"2013-03-31T00:00:00.000Z";"2013-03-31T23:59:59.999Z";"2013-03-31T18:40:00.000Z";"2013-03-31T01:41:00.000Z";"2783";185.8310990241;204.3167661072;169.0337616621;187.0163463945;42679.6270186717;2052294834.3589728;"2013-03-31T23:59:59.999Z"
"2013-03-30T00:00:00.000Z";"2013-03-30T23:59:59.999Z";"2013-03-30T22:09:00.000Z";"2013-03-30T02:35:00.000Z";"2783";177.7661903541;191.5568672835;151.7180157152;185.8575960304;75305.9663653282;2037329455.8758895;"2013-03-30T23:59:59.999Z"
"2013-03-29T00:00:00.000Z";"2013-03-29T23:59:59.999Z";"2013-03-29T08:41:00.000Z";"2013-03-29T00:17:00.000Z";"2783";174.470396857;222.352570817;167.8428912019;177.8990142571;168094.983604812;1950892106.9365463;"2013-03-29T23:59:59.999Z"
"2013-03-28T00:00:00.000Z";"2013-03-28T23:59:59.999Z";"2013-03-28T23:58:00.000Z";"2013-03-28T04:29:00.000Z";"2783";167.798344171;174.4249364779;145.0923977957;174.1039068698;281908.1026219109;1903705896.572108;"2013-03-28T23:59:59.999Z"
"2013-03-27T00:00:00.000Z";"2013-03-27T23:59:59.999Z";"2013-03-27T09:47:00.000Z";"2013-03-27T02:15:00.000Z";"2783";152.5062135047;176.1128382657;144.6338536342;167.9651082797;144619.0778319895;1841176852.5727932;"2013-03-27T23:59:59.999Z"
"2013-03-26T00:00:00.000Z";"2013-03-26T23:59:59.999Z";"2013-03-26T20:44:00.000Z";"2013-03-26T02:10:00.000Z";"2783";147.0868596412;164.9633906278;131.4682793318;152.4800738032;113772.3992580339;1666253112.6230266;"2013-03-26T23:59:59.999Z"
"2013-03-25T00:00:00.000Z";"2013-03-25T23:59:59.999Z";"2013-03-25T21:55:00.000Z";"2013-03-25T01:50:00.000Z";"2783";142.1810167426;156.2737377513;122.6272924582;147.1170725203;159789.234794412;1612017052.2658467;"2013-03-25T23:59:59.999Z"
"2013-03-24T00:00:00.000Z";"2013-03-24T23:59:59.999Z";"2013-03-24T18:36:00.000Z";"2013-03-24T02:48:00.000Z";"2783";139.3021219917;148.1822105047;118.3426123949;142.7994223196;84224.4786572533;1562203265.3511183;"2013-03-24T23:59:59.999Z"
"2013-03-23T00:00:00.000Z";"2013-03-23T23:59:59.999Z";"2013-03-23T21:19:00.000Z";"2013-03-23T03:22:00.000Z";"2783";139.9459214528;151.43877858;126.6838082995;139.5860129853;301348.5917734128;1523719526.6101375;"2013-03-23T23:59:59.999Z"
"2013-03-22T00:00:00.000Z";"2013-03-22T23:59:59.999Z";"2013-03-22T01:35:00.000Z";"2013-03-22T00:00:00.000Z";"2783";133.0500456995;177.7834014447;133.0500456995;140.3083028761;146099.5362457186;1529779285.1024911;"2013-03-22T23:59:59.999Z"
"2013-03-21T00:00:00.000Z";"2013-03-21T23:59:59.999Z";"2013-03-21T03:16:00.000Z";"2013-03-21T00:21:00.000Z";"2783";126.1011647728;166.150327579;124.6161172295;132.9268542222;188167.8795015499;1453008489.2412913;"2013-03-21T23:59:59.999Z"
"2013-03-20T00:00:00.000Z";"2013-03-20T23:59:59.999Z";"2013-03-20T01:25:00.000Z";"2013-03-20T00:00:00.000Z";"2783";104.3848069892;141.2094448142;104.3848069892;125.3327900812;185134.0836244578;1369226681.0455124;"2013-03-20T23:59:59.999Z"
"2013-03-19T00:00:00.000Z";"2013-03-19T23:59:59.999Z";"2013-03-19T04:32:00.000Z";"2013-03-19T00:24:00.000Z";"2783";101.5649594334;126.7832711268;99.2239861146;104.0381257506;222938.7559837322;1136113239.4109416;"2013-03-19T23:59:59.999Z"
"2013-03-18T00:00:00.000Z";"2013-03-18T23:59:59.999Z";"2013-03-18T03:04:00.000Z";"2013-03-18T00:42:00.000Z";"2783";94.7735060448;122.7016106634;94.6503605935;101.2757858353;129097.8774316453;1105516350.6160893;"2013-03-18T23:59:59.999Z"
"2013-03-17T00:00:00.000Z";"2013-03-17T23:59:59.999Z";"2013-03-17T01:53:00.000Z";"2013-03-17T22:51:00.000Z";"2783";93.1879663084;119.5965224536;88.3297195175;94.0924521428;27529.0785333267;1023119899.902175;"2013-03-17T23:59:59.999Z"
"2013-03-16T00:00:00.000Z";"2013-03-16T23:59:59.999Z";"2013-03-16T00:35:00.000Z";"2013-03-16T14:28:00.000Z";"2783";92.6744010423;95.3807768508;77.3453113961;92.8143680991;32341.3750268298;1012227697.5994399;"2013-03-16T23:59:59.999Z"
"2013-03-15T00:00:00.000Z";"2013-03-15T23:59:59.999Z";"2013-03-15T10:57:00.000Z";"2013-03-15T18:28:00.000Z";"2783";92.8130742903;103.5554948694;82.8273138424;92.6271983519;39747.0785276638;1007597431.437082;"2013-03-15T23:59:59.999Z"
"2013-03-14T00:00:00.000Z";"2013-03-14T23:59:59.999Z";"2013-03-14T08:47:00.000Z";"2013-03-14T00:54:00.000Z";"2783";23.2064100987;105.9376398149;23.2064100987;92.8055060028;18832.7813141944;260180993.92356268;"2013-03-14T23:59:59.999Z"
"2013-03-13T00:00:00.000Z";"2013-03-13T23:59:59.999Z";"2013-03-13T00:36:00.000Z";"2013-03-13T02:49:00.000Z";"2783";91.4698775043;95.3996934332;77.9489391873;89.9765443566;97609.4692870133;980094065.520152;"2013-03-13T23:59:59.999Z"
"2013-03-12T00:00:00.000Z";"2013-03-12T23:59:59.999Z";"2013-03-12T13:40:00.000Z";"2013-03-12T04:29:00.000Z";"2783";93.3647747752;102.7454537389;76.388181365;91.3015855025;357483.5001018772;989120817.5932095;"2013-03-12T23:59:59.999Z"
"2013-03-11T00:00:00.000Z";"2013-03-11T23:59:59.999Z";"2013-03-11T11:20:00.000Z";"2013-03-11T00:23:00.000Z";"2783";90.3693242031;110.4616713318;84.61155706;93.4002601096;80946.0219564559;1016707363.9318299;"2013-03-11T23:59:59.999Z"
"2013-03-10T00:00:00.000Z";"2013-03-10T23:59:59.999Z";"2013-03-10T00:13:00.000Z";"2013-03-10T12:34:00.000Z";"2783";89.9397914939;95.6633600863;80.4959004361;90.0505301436;70690.1731788038;979874713.0867697;"2013-03-10T23:59:59.999Z"
"2013-03-09T00:00:00.000Z";"2013-03-09T23:59:59.999Z";"2013-03-09T11:56:00.000Z";"2013-03-09T00:46:00.000Z";"2783";85.8641527864;106.9742548762;82.0113634236;90.1205636018;86825.3668665193;980223440.0723976;"2013-03-09T23:59:59.999Z"
"2013-03-08T00:00:00.000Z";"2013-03-08T23:59:59.999Z";"2013-03-08T02:38:00.000Z";"2013-03-08T00:31:00.000Z";"2783";82.1486460753;103.6956514676;80.0095345019;86.1388605261;91964.9499415438;936552298.225964;"2013-03-08T23:59:59.999Z"
"2013-03-07T00:00:00.000Z";"2013-03-07T23:59:59.999Z";"2013-03-07T01:47:00.000Z";"2013-03-07T00:16:00.000Z";"2783";80.4567718648;104.8945452122;78.2028128083;82.4966098313;310144.7475695075;896619559.9894035;"2013-03-07T23:59:59.999Z"
"2013-03-06T00:00:00.000Z";"2013-03-06T23:59:59.999Z";"2013-03-06T12:15:00.000Z";"2013-03-06T00:28:00.000Z";"2783";75.0747128232;97.3794291662;74.5137348453;80.3769523678;249715.2790737741;873262431.9866167;"2013-03-06T23:59:59.999Z"
"2013-03-05T00:00:00.000Z";"2013-03-05T23:59:59.999Z";"2013-03-05T17:25:00.000Z";"2013-03-05T00:23:00.000Z";"2783";67.5239859046;76.9039662042;62.9172085329;75.0704030278;168941.9192852361;815317047.9822491;"2013-03-05T23:59:59.999Z"
"2013-03-04T00:00:00.000Z";"2013-03-04T23:59:59.999Z";"2013-03-04T22:49:00.000Z";"2013-03-04T02:22:00.000Z";"2783";68.0247417207;70.6617760813;55.3183617216;67.6949195304;92500.9159354984;737270502.228669;"2013-03-04T23:59:59.999Z"
"2013-03-03T00:00:00.000Z";"2013-03-03T23:59:59.999Z";"2013-03-03T02:32:00.000Z";"2013-03-03T00:38:00.000Z";"2783";67.9866049226;84.5674603163;66.5317297077;68.0287374404;24732.9233928807;738299730.631449;"2013-03-03T23:59:59.999Z"
"2013-03-02T00:00:00.000Z";"2013-03-02T23:59:59.999Z";"2013-03-02T07:20:00.000Z";"2013-03-02T00:25:00.000Z";"2783";67.4754348748;76.9418260107;64.0616861692;67.9534765752;72789.5754866928;737209429.5901092;"2013-03-02T23:59:59.999Z"
"2013-03-01T00:00:00.000Z";"2013-03-01T23:59:59.999Z";"2013-03-01T01:22:00.000Z";"2013-03-01T00:00:00.000Z";"2783";63.3880191981;81.0934768977;63.3880191981;67.4135478786;78754.7471761822;730611077.7759631;"2013-03-01T23:59:59.999Z"
"2013-02-28T00:00:00.000Z";"2013-02-28T23:59:59.999Z";"2013-02-28T12:55:00.000Z";"2013-02-28T01:57:00.000Z";"2783";61.1749998294;68.6524786452;51.4872592603;63.3523611765;250938.2238637426;686999483.5838894;"2013-02-28T23:59:59.999Z"
"2013-02-27T00:00:00.000Z";"2013-02-27T23:59:59.999Z";"2013-02-27T19:34:00.000Z";"2013-02-27T02:45:00.000Z";"2783";60.6283779696;66.6869227379;50.4276242158;61.4368037244;60441.2824784418;667001936.2033638;"2013-02-27T23:59:59.999Z"
"2013-02-26T00:00:00.000Z";"2013-02-26T23:59:59.999Z";"2013-02-26T03:59:00.000Z";"2013-02-26T19:06:00.000Z";"2783";59.9795229779;70.5392444898;55.0519931573;60.6924286528;84812.7375560656;655016099.7767221;"2013-02-26T23:59:59.999Z"
"2013-02-25T00:00:00.000Z";"2013-02-25T23:59:59.999Z";"2013-02-25T01:17:00.000Z";"2013-02-25T08:03:00.000Z";"2783";58.7662314944;62.3208444374;50.0424226708;59.9492016268;52885.7416085621;648052304.3044684;"2013-02-25T23:59:59.999Z"
"2013-02-24T00:00:00.000Z";"2013-02-24T23:59:59.999Z";"2013-02-24T21:20:00.000Z";"2013-02-24T03:39:00.000Z";"2783";59.6814774225;64.4900157906;49.0864564024;58.7824691695;47909.6451322037;636367916.3831234;"2013-02-24T23:59:59.999Z"
"2013-02-23T00:00:00.000Z";"2013-02-23T23:59:59.999Z";"2013-02-23T08:21:00.000Z";"2013-02-23T00:38:00.000Z";"2783";59.5788745283;74.6755529677;56.9353315542;59.7421233262;141969.7375693647;646355757.5708336;"2013-02-23T23:59:59.999Z"
"2013-02-22T00:00:00.000Z";"2013-02-22T23:59:59.999Z";"2013-02-22T01:56:00.000Z";"2013-02-22T12:00:00.000Z";"2783";58.6963393335;76.320644767;57.6519517965;59.5589145622;131480.6847524877;643059683.0520216;"2013-02-22T23:59:59.999Z"
"2013-02-21T00:00:00.000Z";"2013-02-21T23:59:59.999Z";"2013-02-21T06:35:00.000Z";"2013-02-21T00:29:00.000Z";"2783";58.37106781;68.6950897075;56.4375602052;58.5516829103;68240.5883927447;632989801.7303816;"2013-02-21T23:59:59.999Z"
"2013-02-20T00:00:00.000Z";"2013-02-20T23:59:59.999Z";"2013-02-20T06:48:00.000Z";"2013-02-20T00:15:00.000Z";"2783";53.9309351082;63.3560722198;53.5146055038;58.1043173126;73018.1854175398;627897768.3167633;"2013-02-20T23:59:59.999Z"
"2013-02-19T00:00:00.000Z";"2013-02-19T23:59:59.999Z";"2013-02-19T05:05:00.000Z";"2013-02-19T00:12:00.000Z";"2783";52.9541417968;63.355760245;50.8094889944;53.871896044;195563.9625382919;581899922.6116656;"2013-02-19T23:59:59.999Z"
"2013-02-18T00:00:00.000Z";"2013-02-18T23:59:59.999Z";"2013-02-18T01:49:00.000Z";"2013-02-18T19:47:00.000Z";"2783";53.6282508885;59.5254611789;47.0870379958;52.8595890642;58675.6148038506;572046225.7543089;"2013-02-18T23:59:59.999Z"
"2013-02-17T00:00:00.000Z";"2013-02-17T23:59:59.999Z";"2013-02-17T02:28:00.000Z";"2013-02-17T00:26:00.000Z";"2783";13.866162772;66.0629869437;13.866162772;53.5944041584;39275.250511645;149409567.55517814;"2013-02-17T23:59:59.999Z"
"2013-02-16T00:00:00.000Z";"2013-02-16T23:59:59.999Z";"2013-02-16T00:20:00.000Z";"2013-02-16T01:17:00.000Z";"2783";53.2207128301;55.7844648826;45.699356253;53.5367132508;36868.3100035611;577600014.9128618;"2013-02-16T23:59:59.999Z"
"2013-02-15T00:00:00.000Z";"2013-02-15T23:59:59.999Z";"2013-02-15T07:34:00.000Z";"2013-02-15T00:47:00.000Z";"2783";50.9014351369;58.8984696999;49.1585085801;53.3416087189;101547.5481814503;575243076.2106669;"2013-02-15T23:59:59.999Z"
"2013-02-14T00:00:00.000Z";"2013-02-14T23:59:59.999Z";"2013-02-14T00:48:00.000Z";"2013-02-14T04:50:00.000Z";"2783";49.1918985402;51.2281159971;42.5508147952;50.8143487303;286096.9798274891;547761529.4889058;"2013-02-14T23:59:59.999Z"
"2013-02-13T00:00:00.000Z";"2013-02-13T23:59:59.999Z";"2013-02-13T00:58:00.000Z";"2013-02-13T13:55:00.000Z";"2783";49.5229255677;54.4123753085;45.6571178176;49.3345596253;177431.2438692806;532551662.52390194;"2013-02-13T23:59:59.999Z"
"2013-02-12T00:00:00.000Z";"2013-02-12T23:59:59.999Z";"2013-02-12T02:47:00.000Z";"2013-02-12T13:34:00.000Z";"2783";48.4236758667;53.9113166752;44.647185593;49.5035440851;146327.1048433437;533860534.6205956;"2013-02-12T23:59:59.999Z"
"2013-02-11T00:00:00.000Z";"2013-02-11T23:59:59.999Z";"2013-02-11T09:34:00.000Z";"2013-02-11T00:24:00.000Z";"2783";47.1516672226;55.129736023;45.1418373687;48.4174647707;58259.8380510795;521365464.1466826;"2013-02-11T23:59:59.999Z"
"2013-02-10T00:00:00.000Z";"2013-02-10T23:59:59.999Z";"2013-02-10T01:51:00.000Z";"2013-02-10T00:42:00.000Z";"2783";46.5943401689;55.0639655636;45.0300989802;47.1179564201;111245.0803319796;507183474.5044356;"2013-02-10T23:59:59.999Z"
"2013-02-09T00:00:00.000Z";"2013-02-09T23:59:59.999Z";"2013-02-09T01:15:00.000Z";"2013-02-09T00:00:00.000Z";"2783";44.0792040678;55.3007589163;44.0792040678;46.4248940914;75248.3236569022;499983266.277767;"2013-02-09T23:59:59.999Z"
"2013-02-08T00:00:00.000Z";"2013-02-08T23:59:59.999Z";"2013-02-08T06:20:00.000Z";"2013-02-08T00:35:00.000Z";"2783";42.852186161;48.7488675342;41.6351341663;43.9191270114;96058.7174302334;472418834.66153467;"2013-02-08T23:59:59.999Z"
"2013-02-07T00:00:00.000Z";"2013-02-07T23:59:59.999Z";"2013-02-07T17:32:00.000Z";"2013-02-07T00:27:00.000Z";"2783";41.3558635407;51.5049013954;40.463721204;42.7948757777;126962.2007430533;460163492.08105636;"2013-02-07T23:59:59.999Z"
"2013-02-06T00:00:00.000Z";"2013-02-06T23:59:59.999Z";"2013-02-06T23:50:00.000Z";"2013-02-06T01:31:00.000Z";"2783";41.245221983;42.7052861987;34.6422084585;41.68493837;103590.3839467106;447963363.08587176;"2013-02-06T23:59:59.999Z"
"2013-02-05T00:00:00.000Z";"2013-02-05T23:59:59.999Z";"2013-02-05T04:17:00.000Z";"2013-02-05T16:41:00.000Z";"2783";41.1425225233;51.1152693802;36.1612621313;41.2712232709;57907.1946628487;444499470.8181829;"2013-02-05T23:59:59.999Z"
"2013-02-04T00:00:00.000Z";"2013-02-04T23:59:59.999Z";"2013-02-04T11:40:00.000Z";"2013-02-04T01:28:00.000Z";"2783";41.1751269522;44.8544477307;38.8317114742;41.0045819515;103966.672635837;439199279.69759595;"2013-02-04T23:59:59.999Z"
"2013-02-03T00:00:00.000Z";"2013-02-03T23:59:59.999Z";"2013-02-03T21:11:00.000Z";"2013-02-03T06:23:00.000Z";"2783";39.0284451597;42.3265438194;35.632215175;41.1723402597;67823.9760161055;442154699.86762226;"2013-02-03T23:59:59.999Z"
"2013-02-02T00:00:00.000Z";"2013-02-02T23:59:59.999Z";"2013-02-02T01:11:00.000Z";"2013-02-02T08:26:00.000Z";"2783";40.7719850985;42.8435409586;36.491539458;39.0288540231;159683.7711144259;418680195.273973;"2013-02-02T23:59:59.999Z"
"2013-02-01T00:00:00.000Z";"2013-02-01T23:59:59.999Z";"2013-02-01T08:55:00.000Z";"2013-02-01T00:43:00.000Z";"2783";40.2507982622;45.230038657;36.4902288319;40.7723949074;99231.4449080474;437428167.7439687;"2013-02-01T23:59:59.999Z"
"2013-01-31T00:00:00.000Z";"2013-01-31T23:59:59.999Z";"2013-01-31T15:02:00.000Z";"2013-01-31T08:25:00.000Z";"2783";39.3435678271;46.5903556795;36.6559019169;40.3303543584;197208.7932443831;432439806.57895565;"2013-01-31T23:59:59.999Z"
"2013-01-30T00:00:00.000Z";"2013-01-30T23:59:59.999Z";"2013-01-30T13:38:00.000Z";"2013-01-30T19:45:00.000Z";"2783";38.8568143115;42.1582417927;33.6906013834;39.3376131296;89634.0007497372;423040009.8222153;"2013-01-30T23:59:59.999Z"
"2013-01-29T00:00:00.000Z";"2013-01-29T23:59:59.999Z";"2013-01-29T18:02:00.000Z";"2013-01-29T08:18:00.000Z";"2783";37.387621297;42.2799349922;32.3862562622;38.8608194086;173748.3937283935;420497474.1547745;"2013-01-29T23:59:59.999Z"
"2013-01-28T00:00:00.000Z";"2013-01-28T23:59:59.999Z";"2013-01-28T23:56:00.000Z";"2013-01-28T01:05:00.000Z";"2783";36.0230287169;37.7361127175;31.3573694891;37.3962394082;117309.6331709171;403549262.6312409;"2013-01-28T23:59:59.999Z"
"2013-01-27T00:00:00.000Z";"2013-01-27T23:59:59.999Z";"2013-01-27T07:45:00.000Z";"2013-01-27T23:31:00.000Z";"2783";37.5175489601;43.4384982369;35.2756319782;36.0683000043;48387.5122685345;386265472.05597854;"2013-01-27T23:59:59.999Z"
"2013-01-26T00:00:00.000Z";"2013-01-26T23:59:59.999Z";"2013-01-26T00:58:00.000Z";"2013-01-26T13:26:00.000Z";"2783";37.6924689014;40.3209483346;31.6756694282;37.5099902497;70319.4246423044;401709910.52623415;"2013-01-26T23:59:59.999Z"
"2013-01-25T00:00:00.000Z";"2013-01-25T23:59:59.999Z";"2013-01-25T15:47:00.000Z";"2013-01-25T02:03:00.000Z";"2783";34.735245251;43.0477047804;32.5526527385;37.6934353127;164053.7180619223;403877510.535555;"2013-01-25T23:59:59.999Z"
"2013-01-24T00:00:00.000Z";"2013-01-24T23:59:59.999Z";"2013-01-24T02:40:00.000Z";"2013-01-24T23:38:00.000Z";"2783";35.8861635737;46.4424365149;33.4430103737;34.7408200389;349942.6738581192;372618418.5724426;"2013-01-24T23:59:59.999Z"
"2013-01-23T00:00:00.000Z";"2013-01-23T23:59:59.999Z";"2013-01-23T05:22:00.000Z";"2013-01-23T16:30:00.000Z";"2783";35.0956027939;41.8936967627;33.5938062036;35.8054632334;101080.9834295206;384037324.253638;"2013-01-23T23:59:59.999Z"
"2013-01-22T00:00:00.000Z";"2013-01-22T23:59:59.999Z";"2013-01-22T21:51:00.000Z";"2013-01-22T04:19:00.000Z";"2783";33.2750179958;36.6038289126;29.3206551521;35.0944660801;124439.0724942079;374658069.3997228;"2013-01-22T23:59:59.999Z"
"2013-01-21T00:00:00.000Z";"2013-01-21T23:59:59.999Z";"2013-01-21T14:35:00.000Z";"2013-01-21T01:44:00.000Z";"2783";32.2883754454;36.4329316787;28.9901065433;33.3123187661;125689.9166691449;356057627.1392768;"2013-01-21T23:59:59.999Z"
"2013-01-20T00:00:00.000Z";"2013-01-20T23:59:59.999Z";"2013-01-20T02:36:00.000Z";"2013-01-20T00:30:00.000Z";"2783";31.9760372116;35.7914295184;30.1853715076;32.2899014811;53070.3763205599;344968826.1343;"2013-01-20T23:59:59.999Z"
"2013-01-19T00:00:00.000Z";"2013-01-19T23:59:59.999Z";"2013-01-19T10:28:00.000Z";"2013-01-19T01:52:00.000Z";"2783";31.689788472;34.0632203304;25.7957520335;31.9517346878;70756.5751160312;341323934.49725;"2013-01-19T23:59:59.999Z"
"2013-01-18T00:00:00.000Z";"2013-01-18T23:59:59.999Z";"2013-01-18T10:08:00.000Z";"2013-01-18T21:49:00.000Z";"2783";31.497798035;39.6582948587;30.2324622043;31.7303445559;113743.6598604286;338379223.67024595;"2013-01-18T23:59:59.999Z"
"2013-01-17T00:00:00.000Z";"2013-01-17T23:59:59.999Z";"2013-01-17T02:20:00.000Z";"2013-01-17T00:40:00.000Z";"2783";29.6561748663;32.8040872299;27.8613759648;31.4863559087;132937.3946878764;336066864.74067104;"2013-01-17T23:59:59.999Z"
"2013-01-16T00:00:00.000Z";"2013-01-16T23:59:59.999Z";"2013-01-16T00:58:00.000Z";"2013-01-16T13:58:00.000Z";"2783";29.0842079605;31.5869677951;25.1169128075;29.66021383;92622.5870429751;315654494.36225253;"2013-01-16T23:59:59.999Z"
"2013-01-15T00:00:00.000Z";"2013-01-15T23:59:59.999Z";"2013-01-15T01:51:00.000Z";"2013-01-15T14:03:00.000Z";"2783";29.1153670484;34.7217141631;27.902180971;29.0799562523;105041.6881870272;310121802.7394031;"2013-01-15T23:59:59.999Z"
"2013-01-14T00:00:00.000Z";"2013-01-14T23:59:59.999Z";"2013-01-14T06:52:00.000Z";"2013-01-14T01:19:00.000Z";"2783";29.0668996087;31.2930649309;26.6302997891;29.0972296092;44697.3785368587;310066715.70922655;"2013-01-14T23:59:59.999Z"
"2013-01-13T00:00:00.000Z";"2013-01-13T23:59:59.999Z";"2013-01-13T23:23:00.000Z";"2013-01-13T01:47:00.000Z";"2783";29.0164539285;29.0711469339;7.1188515914;29.0711469339;78049.8338827889;309999665.36911404;"2013-01-13T23:59:59.999Z"
"2013-01-12T00:00:00.000Z";"2013-01-12T23:59:59.999Z";"2013-01-12T01:59:00.000Z";"2013-01-12T15:26:00.000Z";"2783";28.7811413294;32.062977053;26.0628646489;29.0761610587;54447.8432154181;310052147.7746751;"2013-01-12T23:59:59.999Z"
"2013-01-11T00:00:00.000Z";"2013-01-11T23:59:59.999Z";"2013-01-11T04:49:00.000Z";"2013-01-11T18:06:00.000Z";"2783";28.5668193847;28.7775422276;8.3111018276;28.7775422276;82109.8379591919;306599271.39621514;"2013-01-11T23:59:59.999Z"
"2013-01-10T00:00:00.000Z";"2013-01-10T23:59:59.999Z";"2013-01-10T00:35:00.000Z";"2013-01-10T05:57:00.000Z";"2783";28.008053716;29.6419374835;23.8093390629;28.5657838073;105415.5267423529;304257377.00196826;"2013-01-10T23:59:59.999Z"
"2013-01-09T00:00:00.000Z";"2013-01-09T23:59:59.999Z";"2013-01-09T01:49:00.000Z";"2013-01-09T00:30:00.000Z";"2783";27.7642944311;29.8905634876;25.7816744642;28.0883354427;58602.4768524142;299068796.1097399;"2013-01-09T23:59:59.999Z"
"2013-01-08T00:00:00.000Z";"2013-01-08T23:59:59.999Z";"2013-01-08T20:01:00.000Z";"2013-01-08T11:46:00.000Z";"2783";27.5050272941;30.7478107885;24.3981284938;27.7280955154;87031.0352899902;294604065.29970974;"2013-01-08T23:59:59.999Z"
"2013-01-07T00:00:00.000Z";"2013-01-07T23:59:59.999Z";"2013-01-07T10:43:00.000Z";"2013-01-07T00:15:00.000Z";"2783";27.5152326129;34.3883081916;26.9121554094;27.5146953668;51738.2797341374;292779688.8856184;"2013-01-07T23:59:59.999Z"
"2013-01-06T00:00:00.000Z";"2013-01-06T23:59:59.999Z";"2013-01-06T01:06:00.000Z";"2013-01-06T07:08:00.000Z";"2783";27.4066288904;29.0658364896;24.1413152937;27.5369483122;25984.105629026;293124114.30126333;"2013-01-06T23:59:59.999Z"
"2013-01-05T00:00:00.000Z";"2013-01-05T23:59:59.999Z";"2013-01-05T10:40:00.000Z";"2013-01-05T00:43:00.000Z";"2783";27.5203770865;34.2457073567;26.3866065605;27.4071771859;43366.7335192416;291421057.45585656;"2013-01-05T23:59:59.999Z"
"2013-01-04T00:00:00.000Z";"2013-01-04T23:59:59.999Z";"2013-01-04T05:31:00.000Z";"2013-01-04T00:35:00.000Z";"2783";27.3315558554;33.0340960684;25.9977585756;27.5148812396;60626.6818229768;292467452.5161251;"2013-01-04T23:59:59.999Z"
"2013-01-03T00:00:00.000Z";"2013-01-03T23:59:59.999Z";"2013-01-03T09:51:00.000Z";"2013-01-03T01:21:00.000Z";"2783";27.5943662422;29.33407866;25.0864761568;27.4353406336;36907.8650249702;291557656.0007724;"2013-01-03T23:59:59.999Z"
"2013-01-02T00:00:00.000Z";"2013-01-02T23:59:59.999Z";"2013-01-02T09:09:00.000Z";"2013-01-02T00:31:00.000Z";"2783";27.6401070088;30.5311944209;25.3880207035;27.5945848547;36824.9536118937;293099677.2925625;"2013-01-02T23:59:59.999Z"